301 191 3
301 204 4
301 269 5
301 283 4
301 423 4
301 484 3
301 515 4
301 604 4
302 243 4
302 269 3
302 286 4
302 313 5
302 315 1
302 326 1
302 328 3
302 333 4
302 678 3
303 258 4
303 268 4
303 269 3
303 294 4
303 300 4
303 303 5
303 305 2
303 325 3
303 333 3
303 340 4
303 682 2
303 995 3
304 64 5
304 143 5
304 194 5
304 245 3
304 286 4
304 418 4
304 480 5
304 492 3
304 604 5
304 606 4
304 705 5
305 137 3
305 272 4
305 327 4
305 650 4
305 651 4
305 750 4
305 886 4
306 121 3
306 126 3
306 127 5
306 151 4
306 252 4
306 289 3
306 405 3
306 924 1
307 111 3
307 118 4
307 181 5
307 220 4
307 252 2
307 258 4
307 298 4
307 301 4
307 471 3
307 476 3
307 546 3
307 845 4
307 926 3
308 245 2
308 288 3
308 300 3
308 873 3
308 879 2
309 268 4
309 270 2
309 292 4
309 300 3
309 302 3
309 310 4
309 313 4
309 332 3
309 346 3
309 682 2
309 690 3
309 880 5
310 21 4
310 94 5
310 181 5
310 240 3
310 300 5
310 596 2
310 597 3
311 64 5
311 111 3
311 151 3
311 251 4
311 257 4
311 272 3
311 750 4
311 751 4
312 1 4
312 9 5
312 100 5
312 129 4
312 268 4
312 276 4
312 286 4
312 300 3
312 742 3
313 243 2
313 286 4
313 288 2
313 310 3
313 313 4
313 315 2
313 323 4
313 333 4
313 748 3
314 258 4
314 272 5
314 288 3
314 319 4
314 362 2
314 882 2
314 891 4
315 243 4
315 259 3
315 288 3
315 294 2
315 321 2
315 339 4
315 342 4
315 359 4
315 410 3
315 597 3
315 687 3
315 875 4
315 988 3
316 14 5
316 237 4
316 245 3
316 272 4
316 313 4
316 321 1
316 676 5
317 272 4
317 315 4
317 316 4
317 319 4
317 345 4
318 98 5
318 173 4
318 245 2
318 269 4
318 286 4
318 288 4
318 294 4
318 301 4
318 313 4
318 315 4
318 347 3
318 752 4
319 271 2
319 288 3
319 289 1
319 301 3
319 304 4
319 308 5
319 310 3
319 331 4
319 338 3
319 877 4
319 938 4
319 989 4
320 269 4
320 271 2
320 288 4
320 294 3
320 300 3
320 305 2
320 325 2
320 327 3
320 333 3
320 343 3
320 890 4
321 100 4
321 150 5
321 151 4
321 168 3
321 191 4
321 194 4
321 198 4
321 205 3
321 222 4
321 276 3
321 288 3
321 313 4
321 682 1
321 902 1
322 1 3
322 24 3
322 147 5
322 254 4
322 405 3
322 410 4
322 471 4
322 473 3
322 742 4
323 100 5
323 264 4
323 328 3
323 456 4
323 687 3
323 876 3
323 881 2
323 948 4
324 245 3
324 270 3
324 289 3
324 294 3
324 309 4
324 322 3
324 328 5
324 879 4
325 237 4
325 271 2
325 278 4
325 288 4
325 298 4
325 300 4
325 313 5
325 328 4
325 343 2
325 682 4
325 742 5
325 763 4
326 13 4
326 25 3
326 100 5
326 111 4
326 116 4
326 150 3
326 235 4
326 283 4
326 306 4
326 476 3
326 756 4
327 258 4
327 300 3
327 303 1
327 319 3
327 333 3
327 334 2
328 14 4
328 50 4
328 222 2
328 258 4
328 748 3
328 832 3
328 845 3
329 245 3
329 264 3
329 268 4
329 322 2
329 323 3
329 328 3
329 354 4
329 678 3
329 748 2
329 879 3
330 259 3
330 267 4
330 268 4
330 301 4
330 306 4
330 333 4
330 338 3
330 346 4
330 682 3
330 751 4
330 879 5
331 1 4
331 5 4
331 7 4
331 8 4
331 9 4
331 11 4
331 12 4
331 22 4
331 31 4
331 38 3
331 53 3
331 54 3
331 56 5
331 70 4
331 73 4
331 77 3
331 79 4
331 82 4
331 95 4
331 96 4
331 97 4
331 98 4
331 105 2
331 106 2
331 117 4
331 118 4
331 120 3
331 121 4
331 122 2
331 123 3
331 125 4
331 127 4
331 144 4
331 156 3
331 159 4
331 172 4
331 174 4
331 181 4
331 182 3
331 204 4
331 210 4
331 218 2
331 222 4
331 227 3
331 228 4
331 229 3
331 230 4
331 232 3
331 233 3
331 234 4
331 235 2
331 237 4
331 240 2
331 249 3
331 255 4
331 257 5
331 258 4
331 264 4
331 265 4
331 271 3
331 273 3
331 282 4
331 288 3
331 291 4
331 293 4
331 294 4
331 295 4
331 298 3
331 300 4
331 307 4
331 313 5
331 322 3
331 323 3
331 326 4
331 327 3
331 328 4
331 332 4
331 333 3
331 342 3
331 356 4
331 369 4
331 370 4
331 405 4
331 406 2
331 409 3
331 410 3
331 449 4
331 450 3
331 451 3
331 452 4
331 456 4
331 470 2
331 546 3
331 566 3
331 595 4
331 597 3
331 628 4
331 651 4
331 655 4
331 660 4
331 673 4
331 679 3
331 684 4
331 693 4
331 696 4
331 728 3
331 746 4
331 756 3
331 763 3
331 770 4
331 815 3
331 824 4
331 827 4
331 831 3
331 833 4
331 840 4
331 841 4
331 845 4
331 866 3
331 871 4
331 879 3
331 895 3
331 928 3
331 931 1
331 934 4
331 975 4
331 978 2
331 982 4
331 983 4
332 88 4
332 153 4
332 168 5
332 180 4
332 186 3
332 269 4
332 294 3
332 315 3
332 316 3
332 435 4
332 513 4
332 748 3
332 873 4
333 4 4
333 7 4
333 8 5
333 9 4
333 12 5
333 13 3
333 19 4
333 20 4
333 22 4
333 23 4
333 28 5
333 42 4
333 50 5
333 52 4
333 56 5
333 58 4
333 59 4
333 61 3
333 68 3
333 69 4
333 70 3
333 72 3
333 73 3
333 74 4
333 77 4
333 79 4
333 81 5
333 86 4
333 89 4
333 91 3
333 93 3
333 95 4
333 98 4
333 100 4
333 111 4
333 115 4
333 116 4
333 117 3
333 124 5
333 125 4
333 127 4
333 131 3
333 132 4
333 134 5
333 135 5
333 143 3
333 150 4
333 153 4
333 154 4
333 155 3
333 160 4
333 163 4
333 164 3
333 168 4
333 169 4
333 170 4
333 171 4
333 172 5
333 173 5
333 174 4
333 175 3
333 176 4
333 181 4
333 182 4
333 183 4
333 185 4
333 186 5
333 191 4
333 196 4
333 197 5
333 200 4
333 203 3
333 204 5
333 207 4
333 210 4
333 213 5
333 216 5
333 217 3
333 220 3
333 221 3
333 222 4
333 223 4
333 224 4
333 225 4
333 227 4
333 228 4
333 229 4
333 230 5
333 231 3
333 235 3
333 237 4
333 238 4
333 239 4
333 244 4
333 245 4
333 248 3
333 250 4
333 255 2
333 257 5
333 258 4
333 265 3
333 268 5
333 269 4
333 271 4
333 272 4
333 275 4
333 276 3
333 277 3
333 282 4
333 283 4
333 285 5
333 286 4
333 287 4
333 288 3
333 289 2
333 293 4
333 297 3
333 300 2
333 301 3
333 303 3
333 305 4
333 306 4
333 310 4
333 311 4
333 312 4
333 313 3
333 315 4
333 316 4
333 317 4
333 318 4
333 319 3
333 322 4
333 324 4
333 326 4
333 328 4
333 333 4
333 337 4
333 338 3
333 340 4
333 345 4
333 346 4
333 347 4
333 371 4
333 396 3
333 405 3
333 408 5
333 421 5
333 423 4
333 425 4
333 428 4
333 429 4
333 430 4
333 433 3
333 436 4
333 443 3
333 449 3
333 450 4
333 461 3
333 462 3
333 474 4
333 475 4
333 476 2
333 481 4
333 483 5
333 484 5
333 485 4
333 488 5
333 494 4
333 498 4
333 500 5
333 502 5
333 505 4
333 506 3
333 508 4
333 510 5
333 512 4
333 514 4
333 515 4
333 521 3
333 525 4
333 529 3
333 537 4
333 553 3
333 558 4
333 566 5
333 577 4
333 582 4
333 591 3
333 603 4
333 606 4
333 607 4
333 620 4
333 628 5
333 629 4
333 631 3
333 634 3
333 635 4
333 640 3
333 642 4
333 652 4
333 655 4
333 657 4
333 658 3
333 663 3
333 675 4
333 678 4
333 684 4
333 689 4
333 693 3
333 707 4
333 708 4
333 709 4
333 710 4
333 712 4
333 716 4
333 736 4
333 740 4
333 742 3
333 744 4
333 746 3
333 753 4
333 762 3
333 792 5
333 815 3
333 840 4
333 845 3
333 846 4
333 855 3
333 856 4
333 865 4
333 870 4
333 877 4
333 879 4
333 886 5
333 887 4
333 888 4
333 896 4
333 899 4
333 902 4
333 905 4
333 906 4
333 922 4
333 931 4
333 936 5
333 937 4
333 945 4
333 950 4
333 955 4
333 961 4
333 969 4
334 245 4
334 258 4
334 269 4
334 288 3
334 307 3
334 313 4
334 324 5
334 342 4
334 347 4
334 748 3
334 902 4
335 3 2
335 4 4
335 13 2
335 15 4
335 26 4
335 33 4
335 41 4
335 42 4
335 49 2
335 56 4
335 66 3
335 67 1
335 88 3
335 94 3
335 100 5
335 105 1
335 111 4
335 117 3
335 121 3
335 122 4
335 124 4
335 125 3
335 151 3
335 153 4
335 154 4
335 158 4
335 168 4
335 186 4
335 202 4
335 208 4
335 216 4
335 232 2
335 237 4
335 239 3
335 275 3
335 276 4
335 282 4
335 284 3
335 290 4
335 367 3
335 383 4
335 388 2
335 395 2
335 401 5
335 405 3
335 410 2
335 451 3
335 475 3
335 546 3
335 571 4
335 577 3
335 619 4
335 628 2
335 655 4
335 692 4
335 710 4
335 722 4
335 732 4
335 738 4
335 742 3
335 762 4
335 763 4
335 765 4
335 780 1
335 781 4
335 785 2
335 790 4
335 796 4
335 824 4
335 859 4
335 864 4
335 959 4
335 998 4
335 999 4
336 15 4
336 50 5
336 106 3
336 121 4
336 127 4
336 181 4
336 228 4
336 230 3
336 235 1
336 257 3
336 371 4
336 380 4
336 392 3
336 515 5
336 520 3
336 631 5
336 742 4
336 831 2
337 1 4
337 56 4
337 79 3
337 83 4
337 132 4
337 133 4
337 134 4
337 135 5
337 168 3
337 170 4
337 174 4
337 175 4
337 180 4
337 189 4
337 194 4
337 204 4
337 208 4
337 211 3
337 212 4
337 213 3
337 215 4
337 216 4
337 269 3
337 294 3
337 301 3
337 306 3
337 310 4
337 435 4
337 443 3
337 462 4
337 474 4
337 480 4
337 483 4
337 484 4
337 486 4
337 488 4
337 490 4
337 494 4
337 498 4
337 511 5
337 513 4
337 514 3
337 516 4
337 523 4
337 525 5
337 582 2
337 604 3
337 607 2
337 613 4
337 650 3
337 654 4
337 708 4
337 792 3
337 945 4
338 1 4
338 4 4
338 5 4
338 7 3
338 11 4
338 12 5
338 22 4
338 23 4
338 25 3
338 28 2
338 29 4
338 30 4
338 32 4
338 42 4
338 47 3
338 50 4
338 55 3
338 56 4
338 58 4
338 64 4
338 65 3
338 67 4
338 69 3
338 73 3
338 74 4
338 76 4
338 79 4
338 80 4
338 81 4
338 82 4
338 86 4
338 88 5
338 89 5
338 91 2
338 97 4
338 98 5
338 100 4
338 101 5
338 117 2
338 121 3
338 124 4
338 126 4
338 127 5
338 130 4
338 131 4
338 132 5
338 133 4
338 134 4
338 135 5
338 136 4
338 139 4
338 144 4
338 145 4
338 150 3
338 151 4
338 153 4
338 154 4
338 156 3
338 157 3
338 159 4
338 160 4
338 161 4
338 163 4
338 167 4
338 168 4
338 170 4
338 174 5
338 175 4
338 179 4
338 180 4
338 181 4
338 183 4
338 186 4
338 188 4
338 190 4
338 191 4
338 192 3
338 194 4
338 195 4
338 196 4
338 197 5
338 198 4
338 199 4
338 203 4
338 204 4
338 205 4
338 208 4
338 209 4
338 214 4
338 222 3
338 226 4
338 227 4
338 228 4
338 231 2
338 233 3
338 235 3
338 238 5
338 240 4
338 248 3
338 257 2
338 258 3
338 265 4
338 269 3
338 270 1
338 276 3
338 286 3
338 288 3
338 298 2
338 302 4
338 317 4
338 327 4
338 347 2
338 357 4
338 380 4
338 383 4
338 402 3
338 403 4
338 404 4
338 410 3
338 411 3
338 415 4
338 427 4
338 428 5
338 431 2
338 433 3
338 435 4
338 436 4
338 447 4
338 449 3
338 451 4
338 461 4
338 469 3
338 474 5
338 475 4
338 478 4
338 479 4
338 483 5
338 484 4
338 485 5
338 496 4
338 498 3
338 503 3
338 508 3
338 509 4
338 514 4
338 515 4
338 516 4
338 521 3
338 522 5
338 523 5
338 525 4
338 527 4
338 528 4
338 530 4
338 546 2
338 549 3
338 550 4
338 566 4
338 568 4
338 573 4
338 582 4
338 603 4
338 607 2
338 614 4
338 631 3
338 632 4
338 636 3
338 637 4
338 640 4
338 642 3
338 649 4
338 650 4
338 655 4
338 657 4
338 661 4
338 663 4
338 673 4
338 675 2
338 678 3
338 693 3
338 702 3
338 709 4
338 719 4
338 735 5
338 737 4
338 739 4
338 770 4
338 772 4
338 806 4
338 823 2
338 845 4
338 856 4
338 939 4
338 942 3
338 961 4
339 1 4
339 15 4
339 50 5
339 66 4
339 71 4
339 143 3
339 172 4
339 174 5
339 179 3
339 181 4
339 205 4
339 215 3
339 265 4
339 274 4
339 402 4
339 405 3
339 423 4
339 435 5
339 486 4
339 502 4
339 504 4
339 520 4
339 526 4
339 584 4
339 662 4
339 946 2
340 3 2
340 4 4
340 7 4
340 8 4
340 11 5
340 13 4
340 15 4
340 23 4
340 25 4
340 26 5
340 28 5
340 47 3
340 56 4
340 58 4
340 68 3
340 92 4
340 93 5
340 95 4
340 98 4
340 100 5
340 108 4
340 111 3
340 122 2
340 123 3
340 124 4
340 129 4
340 131 4
340 132 4
340 133 4
340 134 3
340 135 4
340 143 3
340 144 4
340 156 3
340 160 5
340 174 5
340 175 3
340 179 2
340 188 5
340 189 5
340 191 4
340 192 4
340 193 4
340 194 4
340 196 4
340 197 2
340 204 4
340 208 4
340 209 4
340 212 1
340 216 4
340 223 5
340 237 4
340 238 4
340 240 2
340 248 4
340 251 4
340 255 4
340 257 4
340 262 4
340 274 3
340 276 4
340 282 3
340 286 4
340 287 4
340 288 3
340 289 4
340 294 3
340 297 4
340 298 3
340 301 4
340 319 1
340 320 4
340 326 4
340 327 1
340 367 4
340 378 5
340 381 4
340 382 4
340 408 4
340 412 3
340 421 4
340 423 5
340 427 4
340 433 4
340 461 4
340 483 4
340 487 3
340 496 5
340 499 4
340 508 4
340 517 2
340 518 4
340 523 4
340 531 4
340 535 3
340 544 4
340 547 3
340 558 3
340 574 5
340 581 4
340 584 4
340 591 4
340 606 3
340 607 3
340 654 4
340 655 4
340 656 3
340 657 4
340 663 4
340 692 4
340 699 4
340 723 5
340 724 4
340 727 3
340 732 4
340 746 4
340 756 3
340 762 3
340 764 3
340 772 4
340 789 4
340 792 3
340 813 4
340 818 4
340 844 3
340 846 3
340 866 4
340 873 4
340 875 4
340 928 2
340 950 3
340 965 4
340 975 4
341 1 4
341 4 3
341 7 3
341 8 4
341 9 4
341 10 2
341 11 5
341 12 4
341 20 2
341 23 5
341 25 4
341 26 4
341 28 4
341 38 3
341 42 4
341 44 4
341 47 3
341 48 5
341 50 5
341 52 3
341 53 3
341 55 4
341 56 4
341 57 2
341 58 3
341 62 3
341 63 3
341 65 4
341 66 4
341 67 4
341 68 3
341 69 4
341 76 4
341 77 3
341 79 4
341 81 4
341 82 4
341 83 4
341 86 4
341 87 5
341 90 3
341 97 4
341 98 4
341 100 4
341 117 3
341 118 3
341 121 3
341 124 3
341 127 4
341 132 4
341 134 5
341 135 4
341 137 3
341 143 5
341 144 4
341 147 3
341 152 4
341 153 4
341 155 4
341 156 4
341 159 4
341 163 4
341 164 4
341 168 4
341 169 4
341 174 4
341 176 4
341 177 4
341 179 4
341 180 3
341 186 4
341 187 5
341 188 4
341 189 3
341 193 3
341 194 4
341 196 4
341 197 4
341 199 4
341 200 5
341 208 4
341 211 4
341 214 2
341 223 4
341 228 3
341 229 4
341 231 3
341 234 5
341 235 3
341 236 3
341 237 4
341 241 4
341 250 3
341 257 4
341 265 4
341 269 3
341 275 4
341 276 3
341 277 3
341 283 3
341 288 4
341 297 4
341 302 2
341 303 2
341 306 1
341 318 4
341 324 1
341 333 4
341 334 1
341 357 4
341 358 3
341 371 1
341 375 4
341 382 4
341 385 4
341 405 3
341 408 3
341 410 3
341 423 4
341 427 5
341 429 4
341 435 4
341 449 3
341 461 4
341 462 4
341 463 3
341 471 3
341 473 4
341 474 4
341 475 3
341 476 2
341 483 5
341 498 4
341 499 5
341 508 4
341 510 4
341 515 5
341 521 3
341 523 5
341 527 4
341 528 4
341 530 4
341 536 4
341 546 3
341 555 4
341 559 3
341 561 2
341 568 4
341 569 3
341 581 4
341 582 3
341 606 4
341 614 3
341 631 4
341 642 4
341 654 4
341 655 4
341 657 4
341 660 3
341 684 4
341 702 4
341 703 4
341 708 4
341 712 4
341 724 3
341 727 3
341 729 3
341 739 4
341 744 3
341 747 4
341 778 4
341 786 4
341 792 4
341 823 2
341 919 1
341 921 4
341 930 2
341 931 1
341 943 4
341 950 1
341 951 4
341 961 3
341 980 1
342 1 5
342 4 3
342 5 4
342 8 3
342 9 4
342 11 5
342 12 4
342 13 3
342 14 3
342 22 4
342 25 3
342 26 3
342 39 4
342 45 4
342 58 2
342 70 2
342 71 4
342 73 4
342 79 5
342 86 4
342 87 4
342 88 4
342 89 5
342 95 4
342 96 4
342 97 3
342 98 4
342 111 4
342 118 3
342 119 4
342 121 4
342 122 3
342 124 4
342 125 4
342 127 3
342 129 4
342 132 4
342 137 2
342 151 5
342 169 4
342 172 4
342 174 5
342 176 4
342 181 4
342 183 5
342 190 4
342 191 4
342 195 4
342 196 5
342 198 4
342 202 4
342 203 5
342 204 5
342 208 5
342 210 4
342 216 4
342 222 4
342 228 4
342 235 4
342 237 4
342 244 4
342 245 3
342 246 5
342 248 4
342 251 4
342 255 3
342 268 5
342 269 4
342 272 3
342 273 5
342 275 4
342 276 4
342 278 4
342 280 4
342 281 4
342 283 4
342 284 2
342 285 4
342 286 3
342 288 4
342 291 4
342 295 3
342 297 3
342 298 5
342 301 2
342 303 3
342 304 2
342 311 4
342 313 4
342 315 3
342 316 4
342 322 3
342 357 4
342 367 4
342 385 4
342 405 4
342 421 3
342 433 4
342 451 5
342 459 4
342 462 4
342 471 4
342 472 4
342 476 5
342 477 4
342 478 3
342 479 4
342 486 4
342 487 4
342 494 4
342 508 4
342 509 5
342 511 4
342 516 4
342 535 4
342 537 4
342 559 4
342 562 4
342 568 5
342 597 4
342 619 4
342 647 4
342 660 4
342 663 5
342 678 4
342 684 4
342 694 5
342 696 4
342 707 5
342 708 4
342 709 4
342 713 4
342 716 4
342 742 5
342 751 2
342 764 4
342 815 3
342 844 4
342 845 2
342 864 1
342 926 2
342 928 4
342 955 4
342 972 4
343 1 4
343 4 5
343 5 4
343 9 4
343 11 3
343 15 4
343 25 4
343 26 4
343 28 4
343 33 4
343 43 4
343 44 4
343 48 4
343 49 4
343 50 5
343 51 4
343 56 5
343 64 4
343 65 4
343 66 3
343 69 1
343 71 4
343 77 4
343 79 4
343 81 4
343 87 4
343 88 4
343 93 4
343 98 4
343 100 5
343 111 3
343 117 3
343 118 3
343 124 4
343 125 3
343 126 4
343 131 4
343 132 4
343 137 2
343 143 4
343 148 3
343 151 4
343 170 4
343 172 5
343 173 4
343 174 4
343 191 5
343 196 3
343 197 4
343 202 4
343 204 4
343 216 4
343 220 1
343 221 3
343 223 4
343 226 4
343 235 3
343 237 3
343 239 4
343 241 3
343 245 3
343 246 5
343 251 4
343 255 2
343 262 4
343 268 4
343 269 5
343 272 4
343 278 4
343 280 4
343 282 3
343 283 2
343 284 3
343 285 5
343 287 2
343 288 3
343 289 3
343 291 1
343 293 3
343 294 3
343 295 4
343 297 4
343 298 4
343 300 3
343 301 3
343 302 5
343 303 4
343 305 4
343 311 2
343 312 3
343 313 5
343 315 4
343 317 4
343 323 2
343 332 2
343 333 3
343 356 4
343 365 4
343 367 3
343 378 4
343 381 4
343 382 3
343 387 5
343 402 4
343 403 5
343 405 3
343 416 4
343 433 4
343 443 4
343 451 4
343 461 4
343 464 5
343 471 4
343 473 4
343 476 1
343 479 4
343 481 4
343 485 4
343 498 3
343 508 3
343 518 4
343 534 2
343 535 4
343 550 5
343 559 4
343 566 3
343 568 4
343 582 5
343 588 4
343 620 4
343 639 4
343 651 4
343 655 5
343 660 3
343 676 4
343 696 4
343 702 4
343 708 5
343 709 5
343 715 5
343 716 4
343 722 4
343 732 3
343 736 4
343 737 4
343 738 4
343 739 4
343 742 2
343 744 2
343 747 4
343 748 2
343 772 4
343 781 4
343 845 3
343 846 4
343 866 4
343 879 5
343 886 4
343 903 4
343 919 4
343 949 4
343 955 4
343 956 4
343 972 4
343 988 1
344 2 4
344 3 3
344 4 4
344 7 3
344 11 4
344 12 5
344 17 4
344 22 4
344 29 2
344 31 3
344 33 4
344 38 4
344 53 5
344 54 3
344 55 4
344 56 4
344 62 2
344 64 5
344 67 4
344 72 4
344 76 2
344 77 4
344 83 4
344 91 3
344 92 5
344 94 3
344 97 4
344 98 4
344 100 5
344 117 4
344 120 1
344 121 4
344 127 5
344 128 4
344 132 4
344 133 4
344 134 4
344 141 5
344 143 3
344 144 4
344 147 4
344 153 4
344 156 4
344 157 4
344 158 4
344 161 4
344 167 4
344 168 4
344 172 3
344 173 5
344 174 4
344 176 3
344 181 4
344 183 4
344 184 4
344 186 4
344 187 4
344 188 4
344 203 4
344 204 4
344 210 4
344 211 5
344 213 3
344 215 3
344 216 4
344 218 3
344 219 1
344 232 2
344 234 4
344 237 3
344 241 3
344 245 4
344 250 1
344 259 2
344 265 5
344 273 4
344 276 4
344 288 2
344 291 4
344 293 4
344 294 3
344 300 5
344 302 4
344 318 4
344 322 3
344 325 1
344 333 4
344 358 4
344 363 2
344 366 2
344 369 4
344 375 4
344 385 3
344 391 3
344 392 3
344 403 3
344 405 3
344 415 4
344 423 4
344 431 4
344 455 4
344 470 3
344 496 5
344 518 3
344 520 4
344 541 2
344 546 3
344 549 4
344 561 4
344 569 4
344 571 3
344 572 3
344 576 3
344 578 3
344 582 4
344 616 3
344 636 3
344 642 2
344 657 4
344 669 1
344 673 3
344 684 4
344 685 3
344 708 3
344 712 4
344 727 4
344 732 3
344 739 3
344 743 4
344 746 4
344 748 3
344 780 2
344 785 2
344 802 4
344 809 4
344 831 4
344 842 4
344 879 4
344 932 4
344 944 2
344 951 3
344 959 4
344 977 2
345 1 3
345 7 4
345 12 5
345 15 3
345 17 2
345 22 4
345 24 2
345 25 3
345 28 3
345 31 4
345 50 4
345 55 4
345 56 5
345 68 1
345 70 2
345 73 4
345 76 4
345 77 1
345 79 4
345 82 2
345 85 3
345 87 4
345 91 5
345 96 3
345 97 4
345 99 4
345 100 4
345 117 4
345 118 3
345 125 4
345 127 2
345 132 4
345 137 2
345 144 4
345 151 4
345 156 5
345 157 4
345 158 4
345 159 3
345 163 4
345 164 4
345 168 4
345 172 4
345 173 4
345 174 5
345 176 4
345 177 4
345 181 4
345 182 3
345 183 4
345 187 4
345 188 4
345 192 4
345 195 4
345 200 3
345 203 4
345 204 3
345 208 4
345 215 4
345 222 4
345 226 5
345 227 4
345 233 4
345 235 1
345 239 2
345 240 3
345 245 4
345 246 3
345 252 4
345 257 4
345 258 4
345 268 2
345 271 4
345 273 5
345 276 2
345 280 4
345 286 2
345 288 4
345 290 3
345 293 4
345 294 2
345 298 4
345 300 4
345 317 4
345 318 4
345 323 3
345 324 3
345 328 3
345 333 4
345 356 5
345 369 3
345 371 4
345 385 2
345 386 4
345 392 4
345 403 4
345 404 4
345 405 4
345 410 3
345 416 4
345 423 3
345 432 4
345 435 4
345 460 1
345 462 2
345 465 4
345 468 4
345 470 5
345 472 3
345 475 4
345 501 3
345 508 3
345 544 4
345 550 4
345 568 4
345 588 4
345 595 3
345 597 3
345 609 3
345 655 5
345 660 4
345 685 4
345 686 4
345 689 4
345 692 1
345 699 4
345 721 2
345 735 4
345 742 4
345 756 2
345 763 3
345 806 4
345 819 3
345 820 2
345 827 2
345 829 3
345 831 1
345 841 1
345 871 2
345 879 2
345 928 2
345 930 2
345 943 4
345 959 2
345 977 2
345 982 1
346 1 4
346 7 4
346 15 3
346 25 2
346 100 4
346 107 4
346 111 4
346 118 3
346 121 3
346 126 3
346 147 4
346 225 3
346 240 3
346 276 5
346 288 2
346 294 4
346 323 4
346 368 2
346 370 4
346 409 4
346 411 4
346 412 2
346 472 3
346 473 3
346 476 2
346 546 3
346 628 4
346 742 3
346 819 4
346 831 4
346 834 4
346 924 1
346 926 2
346 928 3
346 974 4
346 975 4
346 988 4
347 9 5
347 10 4
347 118 2
347 121 2
347 125 3
347 126 4
347 237 4
347 325 3
347 370 2
347 412 4
347 455 4
347 458 4
347 471 3
347 475 4
347 596 2
347 744 5
347 847 4
348 1 4
348 23 4
348 89 4
348 98 4
348 132 4
348 133 5
348 136 4
348 168 4
348 172 4
348 176 4
348 183 4
348 193 4
348 195 4
348 204 5
348 210 5
348 214 1
348 228 4
348 265 4
348 271 3
348 324 4
348 340 4
348 435 4
348 479 5
348 480 4
348 483 5
348 489 4
348 530 4
348 589 4
348 604 4
348 616 3
348 654 3
348 657 5
349 288 3
349 289 3
349 292 3
349 300 4
349 301 4
349 310 4
349 312 4
349 313 5
349 326 3
349 327 3
349 332 4
349 341 4
349 343 4
349 359 4
349 538 4
349 748 2
349 750 4
349 754 4
349 873 4
349 879 3
349 880 4
349 882 4
349 888 4
349 984 4
349 989 4
349 990 4
350 4 4
350 7 4
350 12 5
350 17 4
350 39 4
350 55 5
350 56 5
350 79 4
350 86 5
350 89 5
350 92 4
350 96 4
350 98 4
350 129 4
350 144 5
350 156 4
350 173 5
350 182 3
350 194 5
350 195 5
350 216 4
350 228 3
350 234 4
350 302 5
350 385 4
350 568 4
350 657 5
350 692 4
351 245 4
351 260 3
351 271 3
351 272 5
351 300 4
351 315 4
351 326 3
351 327 3
351 328 3
351 332 4
351 333 4
351 343 4
351 905 3
352 7 4
352 9 4
352 14 5
352 19 4
352 20 4
352 25 3
352 32 5
352 42 4
352 47 3
352 50 5
352 52 4
352 57 5
352 58 5
352 59 4
352 60 4
352 61 3
352 66 4
352 70 4
352 79 4
352 81 5
352 83 3
352 86 4
352 87 4
352 88 5
352 93 5
352 100 4
352 109 4
352 116 5
352 124 4
352 131 2
352 133 3
352 134 4
352 135 4
352 136 3
352 137 5
352 143 3
352 149 3
352 151 4
352 152 4
352 153 4
352 154 4
352 155 2
352 162 3
352 166 4
352 168 4
352 169 5
352 171 5
352 173 5
352 174 5
352 175 4
352 180 3
352 186 3
352 189 3
352 190 4
352 191 4
352 193 4
352 197 4
352 199 4
352 202 5
352 208 5
352 209 4
352 211 3
352 213 2
352 216 4
352 238 5
352 242 5
352 246 5
352 248 4
352 251 4
352 255 2
352 257 4
352 258 4
352 268 4
352 269 4
352 270 3
352 272 3
352 275 5
352 276 3
352 281 2
352 286 4
352 287 4
352 297 4
352 303 4
352 305 4
352 306 4
352 308 4
352 311 4
352 313 2
352 318 4
352 344 4
352 381 3
352 382 4
352 387 3
352 414 4
352 421 3
352 423 5
352 428 3
352 429 4
352 435 4
352 462 3
352 463 4
352 464 4
352 473 5
352 478 4
352 479 4
352 480 5
352 483 5
352 485 3
352 487 5
352 489 4
352 494 4
352 496 4
352 497 4
352 498 4
352 507 4
352 508 4
352 509 5
352 511 5
352 513 4
352 515 4
352 516 3
352 518 4
352 520 4
352 529 5
352 531 4
352 533 4
352 558 4
352 582 3
352 584 4
352 603 4
352 604 4
352 605 4
352 606 3
352 607 4
352 629 4
352 631 4
352 638 5
352 650 4
352 651 3
352 652 4
352 657 5
352 659 4
352 660 3
352 661 4
352 692 4
352 694 4
352 699 4
352 702 4
352 705 4
352 707 4
352 709 4
352 716 4
352 732 3
352 733 4
352 735 4
352 736 5
352 737 4
352 740 4
352 753 4
352 792 4
352 811 4
352 847 4
352 855 3
352 863 4
352 865 4
352 882 4
352 889 4
352 900 4
352 904 4
352 929 4
352 953 2
352 956 4
352 958 4
352 962 4
353 242 4
353 264 4
353 288 3
353 300 4
353 328 3
353 329 4
353 360 4
353 681 4
353 882 5
354 272 4
354 292 3
354 313 4
354 316 5
354 326 5
354 328 3
354 333 5
354 689 4
354 748 3
355 1 4
355 7 4
355 10 4
355 24 3
355 105 4
355 117 4
355 118 4
355 123 2
355 125 3
355 126 3
355 147 4
355 150 4
355 151 3
355 220 1
355 222 4
355 245 4
355 258 4
355 270 4
355 273 3
355 274 4
355 275 5
355 280 4
355 284 3
355 291 3
355 322 3
355 326 3
355 334 2
355 405 3
355 407 2
355 411 3
355 455 2
355 456 2
355 471 4
355 472 3
355 473 3
355 476 2
355 546 3
355 595 3
355 687 4
355 713 4
355 742 3
355 744 4
355 760 4
355 819 4
355 820 2
355 831 2
355 833 4
355 866 4
355 932 4
355 977 2
355 984 2
356 8 4
356 65 4
356 127 4
356 132 4
356 174 4
356 179 4
356 213 3
356 268 3
356 318 5
356 324 4
356 357 4
356 511 4
356 582 4
356 584 4
356 638 5
356 639 4
356 643 4
356 855 4
356 896 4
357 7 4
357 117 4
357 118 2
357 181 4
357 250 3
357 268 4
357 270 4
357 298 4
357 313 4
357 323 2
357 405 3
357 472 2
357 748 3
357 751 5
357 831 4
358 1 4
358 10 5
358 13 4
358 14 5
358 25 3
358 28 4
358 45 4
358 50 5
358 64 5
358 79 4
358 100 5
358 116 4
358 124 3
358 127 5
358 134 3
358 157 5
358 165 4
358 166 4
358 170 5
358 174 5
358 181 4
358 187 4
358 191 5
358 194 5
358 195 5
358 197 4
358 205 3
358 207 5
358 210 5
358 222 3
358 237 3
358 238 4
358 242 4
358 251 4
358 269 4
358 271 4
358 275 4
358 283 3
358 284 3
358 286 4
358 297 4
358 302 4
358 304 3
358 306 4
358 308 4
358 309 4
358 321 5
358 326 4
358 328 4
358 357 4
358 423 5
358 479 4
358 483 3
358 496 5
358 511 4
358 521 2
358 523 4
358 531 4
358 582 2
358 588 4
358 654 3
358 661 4
358 735 4
358 744 3
358 748 3
358 845 4
358 933 4
358 936 4
358 963 3
359 12 4
359 14 4
359 23 4
359 26 3
359 49 4
359 53 3
359 55 4
359 56 4
359 59 5
359 60 4
359 66 4
359 70 3
359 79 4
359 83 4
359 88 4
359 90 4
359 97 3
359 98 5
359 100 4
359 111 5
359 129 3
359 148 3
359 150 5
359 156 3
359 165 5
359 166 4
359 168 4
359 170 4
359 173 4
359 176 4
359 178 4
359 183 5
359 185 4
359 186 4
359 190 4
359 197 4
359 203 3
359 204 4
359 207 3
359 212 4
359 213 4
359 218 4
359 222 4
359 228 3
359 234 4
359 237 4
359 238 5
359 258 3
359 269 4
359 273 3
359 274 4
359 276 3
359 286 4
359 333 4
359 340 3
359 387 5
359 421 3
359 430 5
359 435 4
359 451 5
359 466 4
359 475 4
359 498 4
359 502 4
359 504 3
359 514 4
359 517 4
359 524 3
359 525 5
359 531 5
359 639 4
359 652 3
359 654 5
359 655 4
359 657 4
359 659 4
359 673 4
359 684 4
359 694 5
359 707 3
359 709 3
359 727 4
359 737 1
359 739 3
359 742 5
359 762 3
359 770 4
359 794 4
359 934 4
359 949 3
360 245 3
360 268 4
360 302 4
360 312 4
360 313 4
360 323 3
360 333 5
360 336 4
360 689 4
361 1 4
361 2 4
361 4 5
361 5 3
361 7 4
361 9 4
361 11 3
361 22 5
361 29 1
361 32 5
361 37 4
361 38 2
361 44 4
361 47 3
361 50 4
361 54 4
361 55 4
361 56 4
361 58 4
361 62 3
361 65 3
361 66 3
361 67 1
361 68 2
361 69 4
361 70 4
361 71 4
361 72 3
361 73 3
361 79 4
361 81 5
361 82 3
361 87 4
361 88 4
361 89 4
361 90 4
361 91 2
361 93 3
361 95 4
361 96 3
361 97 3
361 98 4
361 101 4
361 102 3
361 114 5
361 117 3
361 120 4
361 121 3
361 128 4
361 134 5
361 137 3
361 143 4
361 144 3
361 145 3
361 151 4
361 152 4
361 154 4
361 155 4
361 156 5
361 159 4
361 161 2
361 164 4
361 169 5
361 172 5
361 173 3
361 174 5
361 179 4
361 182 3
361 183 3
361 184 4
361 185 4
361 186 4
361 187 4
361 188 2
361 189 5
361 193 4
361 195 3
361 196 4
361 200 3
361 201 3
361 204 4
361 206 4
361 208 4
361 210 4
361 212 2
361 215 3
361 216 3
361 218 4
361 222 4
361 226 2
361 227 4
361 228 4
361 229 2
361 231 2
361 234 4
361 235 2
361 237 3
361 248 4
361 250 3
361 258 4
361 265 4
361 270 4
361 271 3
361 282 4
361 283 3
361 284 3
361 288 4
361 290 2
361 293 4
361 307 2
361 315 4
361 316 4
361 317 4
361 322 2
361 325 2
361 328 3
361 336 2
361 346 4
361 347 4
361 350 3
361 351 4
361 366 4
361 370 4
361 380 4
361 387 4
361 391 2
361 393 3
361 402 3
361 403 3
361 405 3
361 408 3
361 417 3
361 423 3
361 426 4
361 428 5
361 431 3
361 433 3
361 435 4
361 443 4
361 444 1
361 448 2
361 449 3
361 451 5
361 461 4
361 469 2
361 472 1
361 473 3
361 474 5
361 505 5
361 506 4
361 511 4
361 518 4
361 523 4
361 531 4
361 546 3
361 550 4
361 552 4
361 554 2
361 555 4
361 557 4
361 559 3
361 561 3
361 566 3
361 568 3
361 569 4
361 571 4
361 572 4
361 575 4
361 578 2
361 588 4
361 590 4
361 597 3
361 603 4
361 616 4
361 625 3
361 631 3
361 640 4
361 650 3
361 651 5
361 653 4
361 657 4
361 658 3
361 660 4
361 665 2
361 673 4
361 675 3
361 678 3
361 679 4
361 682 3
361 685 3
361 691 4
361 698 4
361 699 4
361 707 4
361 709 5
361 710 2
361 719 4
361 735 4
361 741 1
361 742 3
361 746 2
361 747 3
361 752 4
361 760 2
361 761 3
361 767 1
361 774 5
361 778 3
361 792 4
361 802 4
361 805 4
361 809 3
361 816 3
361 825 1
361 831 1
361 849 4
361 854 4
361 859 3
361 895 4
361 906 4
361 919 4
361 933 1
361 940 4
361 946 4
361 959 4
361 979 2
362 289 1
362 302 4
362 321 3
362 875 4
362 948 3
362 988 4
363 1 4
363 7 4
363 15 3
363 25 3
363 100 4
363 109 4
363 124 4
363 125 4
363 137 4
363 150 4
363 222 4
363 235 3
363 258 4
363 268 4
363 271 3
363 272 4
363 275 4
363 276 3
363 277 3
363 287 4
363 288 3
363 289 2
363 294 4
363 301 4
363 309 4
363 315 5
363 316 5
363 321 3
363 340 4
363 352 4
363 473 4
363 591 4
363 742 4
363 762 3
363 813 3
363 894 1
363 895 3
363 908 4
364 53 2
364 56 4
364 98 4
364 184 3
364 200 4
364 201 3
364 217 2
364 219 2
364 234 4
364 443 4
364 445 2
364 559 4
364 573 4
364 671 4
364 672 3
364 853 4
364 860 4
365 7 4
365 17 3
365 50 5
365 53 3
365 98 4
365 100 4
365 145 4
365 164 4
365 176 4
365 183 4
365 184 3
365 200 3
365 201 4
365 218 4
365 234 4
365 250 4
365 258 4
365 288 4
365 302 4
365 324 4
365 326 3
365 333 4
365 334 3
365 379 4
365 406 4
365 413 3
365 436 5
365 443 4
365 448 4
365 452 2
365 551 4
365 563 4
365 564 2
365 665 3
365 670 3
365 672 3
365 760 3
365 769 2
365 774 2
365 800 3
365 919 4
366 11 4
366 17 3
366 56 5
366 89 4
366 96 4
366 98 3
366 100 4
366 127 4
366 183 4
366 184 4
366 201 3
366 217 3
366 218 4
366 219 5
366 234 4
366 292 4
366 313 4
366 320 4
366 379 3
366 396 4
366 567 4
366 672 3
366 774 4
366 777 4
367 50 5
367 114 4
367 168 5
367 172 4
367 181 4
367 271 2
367 316 3
367 358 3
367 751 4
367 988 4
368 12 5
368 22 5
368 31 4
368 50 5
368 52 5
368 64 5
368 98 4
368 100 5
368 107 4
368 114 4
368 116 5
368 135 4
368 136 5
368 153 5
368 172 5
368 174 4
368 175 4
368 176 4
368 181 4
368 193 4
368 195 4
368 199 3
368 209 4
368 210 4
368 238 5
368 257 5
368 265 4
368 269 4
368 285 5
368 322 5
368 423 5
368 425 4
368 433 4
368 435 4
368 443 3
368 480 4
368 484 4
368 493 4
368 494 3
368 497 3
368 514 5
368 525 4
368 603 4
368 604 4
368 607 3
368 608 4
368 613 5
368 631 5
368 657 4
368 659 4
368 661 4
368 678 4
368 705 4
368 923 5
369 1 4
369 22 5
369 55 4
369 64 5
369 69 4
369 77 3
369 79 4
369 97 3
369 98 4
369 174 4
369 177 4
369 179 3
369 180 4
369 181 4
369 185 4
369 186 4
369 194 4
369 197 4
369 210 4
369 234 3
369 265 5
369 357 4
369 393 4
369 423 4
369 435 5
369 443 4
369 449 5
369 452 4
369 504 4
369 527 4
369 655 3
369 663 4
369 746 4
370 5 4
370 23 4
370 44 4
370 56 3
370 79 4
370 129 4
370 159 4
370 164 4
370 176 4
370 183 5
370 185 4
370 200 3
370 201 4
370 218 4
370 262 3
370 286 4
370 288 3
370 299 3
370 325 3
370 327 4
370 333 2
370 436 4
370 441 4
370 443 4
370 447 3
370 448 4
370 452 2
370 547 4
370 559 4
370 561 4
370 574 4
370 581 4
370 595 4
370 628 4
370 635 4
370 637 4
370 672 4
370 674 4
370 678 3
370 696 4
370 874 4
370 875 4
371 2 4
371 4 4
371 12 3
371 15 4
371 20 4
371 22 4
371 24 4
371 25 3
371 31 5
371 48 3
371 50 4
371 58 4
371 64 4
371 66 4
371 68 3
371 70 3
371 80 5
371 81 3
371 82 4
371 83 4
371 89 5
371 90 4
371 94 2
371 95 4
371 96 3
371 97 4
371 99 3
371 100 4
371 102 3
371 105 4
371 110 4
371 114 4
371 117 3
371 127 4
371 132 4
371 136 4
371 139 4
371 142 4
371 143 5
371 144 3
371 150 4
371 151 3
371 154 4
371 155 3
371 156 4
371 161 3
371 162 5
371 163 2
371 165 5
371 166 4
371 169 4
371 172 4
371 173 4
371 175 4
371 177 4
371 179 4
371 180 3
371 181 4
371 184 2
371 189 4
371 194 4
371 195 4
371 196 5
371 197 4
371 202 4
371 204 3
371 206 4
371 208 3
371 209 4
371 210 4
371 211 3
371 213 4
371 214 4
371 215 5
371 217 2
371 225 3
371 226 2
371 228 3
371 230 2
371 232 3
371 239 3
371 241 2
371 259 4
371 269 3
371 275 3
371 278 4
371 281 3
371 286 4
371 290 3
371 318 4
371 357 4
371 366 4
371 378 4
371 380 5
371 382 3
371 385 3
371 386 2
371 389 2
371 390 4
371 392 4
371 393 3
371 399 2
371 401 3
371 402 4
371 403 3
371 404 4
371 409 1
371 414 4
371 417 4
371 418 3
371 420 4
371 421 5
371 423 4
371 427 3
371 431 3
371 433 4
371 435 4
371 451 4
371 472 2
371 474 4
371 480 4
371 485 4
371 487 4
371 488 4
371 494 4
371 496 3
371 497 4
371 499 4
371 506 4
371 510 3
371 520 3
371 527 4
371 550 4
371 553 4
371 559 3
371 566 3
371 568 2
371 571 4
371 577 3
371 588 4
371 596 2
371 598 4
371 603 5
371 627 4
371 633 4
371 645 4
371 648 4
371 649 4
371 651 4
371 655 3
371 658 5
371 660 4
371 679 2
371 694 5
371 699 4
371 704 2
371 705 3
371 709 2
371 715 2
371 724 5
371 727 4
371 729 4
371 732 3
371 746 2
371 747 4
371 748 2
371 756 1
371 778 3
371 828 2
371 842 4
371 843 4
371 849 4
371 941 4
371 946 2
371 949 4
372 1 4
372 2 4
372 5 4
372 7 4
372 9 5
372 11 4
372 15 3
372 17 4
372 23 3
372 24 4
372 28 4
372 29 3
372 39 4
372 48 4
372 50 5
372 56 4
372 64 5
372 66 4
372 68 4
372 69 4
372 70 3
372 71 4
372 77 4
372 89 4
372 95 4
372 97 3
372 98 4
372 100 5
372 106 3
372 111 4
372 116 4
372 118 3
372 120 1
372 121 4
372 122 3
372 123 3
372 124 5
372 125 4
372 126 3
372 127 4
372 129 4
372 135 4
372 143 3
372 144 4
372 147 3
372 148 4
372 150 5
372 151 4
372 156 4
372 159 4
372 161 3
372 162 4
372 168 4
372 172 4
372 173 4
372 174 4
372 176 4
372 185 4
372 186 4
372 192 4
372 195 5
372 197 4
372 200 5
372 202 4
372 204 4
372 210 4
372 216 4
372 218 4
372 222 4
372 223 5
372 225 3
372 226 4
372 228 4
372 229 4
372 230 3
372 231 3
372 233 3
372 234 4
372 235 2
372 237 4
372 240 2
372 247 4
372 248 3
372 252 3
372 254 2
372 257 4
372 265 5
372 279 4
372 280 4
372 282 5
372 284 3
372 289 4
372 291 3
372 310 4
372 322 4
372 323 4
372 356 4
372 363 3
372 369 4
372 385 4
372 393 4
372 403 4
372 405 3
372 412 2
372 423 5
372 424 1
372 427 5
372 449 3
372 450 3
372 454 4
372 458 2
372 463 4
372 465 4
372 466 4
372 467 4
372 468 4
372 475 3
372 476 2
372 483 5
372 521 4
372 527 4
372 540 3
372 544 2
372 550 4
372 552 4
372 554 3
372 558 4
372 566 4
372 568 4
372 572 3
372 576 4
372 581 5
372 591 3
372 619 3
372 620 4
372 628 3
372 637 4
372 642 4
372 651 4
372 665 3
372 685 3
372 692 4
372 696 4
372 717 2
372 741 4
372 742 4
372 743 2
372 756 2
372 758 4
372 761 4
372 762 4
372 763 5
372 770 3
372 789 4
372 815 3
372 819 4
372 820 2
372 824 4
372 832 4
372 844 4
372 845 3
372 846 4
372 872 4
372 880 3
372 924 4
372 928 4
372 930 3
372 931 2
372 932 3
372 934 3
372 948 4
372 952 4
372 974 4
372 975 5
372 977 3
372 978 4
372 979 4
372 986 4
373 5 3
373 39 2
373 77 3
373 176 4
373 183 4
373 185 3
373 218 3
373 233 4
373 288 3
373 300 4
373 443 4
373 583 4
373 684 4
373 761 2
374 11 5
374 14 4
374 98 4
374 154 4
374 181 3
374 197 4
374 198 4
374 223 4
374 237 4
374 246 4
374 268 5
374 274 3
374 275 5
374 289 3
374 301 4
374 603 4
374 762 4
375 56 4
375 98 4
375 100 5
375 164 3
375 168 5
375 173 4
375 194 4
375 219 3
375 234 4
375 258 4
375 268 4
375 288 3
375 313 4
375 316 5
375 323 3
375 354 4
375 443 3
375 508 4
375 895 4
376 1 4
376 2 4
376 4 4
376 5 4
376 7 4
376 8 4
376 9 4
376 10 3
376 11 4
376 12 5
376 13 3
376 14 4
376 15 5
376 21 2
376 22 5
376 28 5
376 29 3
376 31 4
376 40 3
376 42 4
376 43 3
376 48 3
376 49 4
376 50 4
376 52 3
376 53 3
376 54 3
376 58 4
376 59 4
376 62 4
376 63 4
376 65 3
376 66 4
376 68 3
376 70 4
376 73 4
376 77 3
376 79 4
376 86 4
376 87 4
376 88 4
376 89 4
376 91 4
376 94 3
376 95 4
376 99 5
376 100 4
376 106 2
376 110 4
376 111 4
376 117 4
376 121 4
376 123 3
376 125 5
376 126 5
376 132 4
376 133 5
376 135 4
376 141 4
376 143 4
376 144 4
376 148 3
376 151 4
376 153 4
376 155 4
376 157 4
376 159 3
376 161 4
376 162 5
376 167 5
376 172 3
376 173 4
376 174 4
376 175 4
376 176 4
376 179 4
376 180 3
376 181 3
376 182 4
376 186 3
376 191 5
376 194 4
376 195 4
376 196 4
376 197 4
376 200 4
376 202 4
376 203 4
376 207 4
376 210 4
376 213 4
376 215 4
376 217 2
376 218 3
376 220 3
376 222 4
376 223 5
376 226 4
376 227 3
376 230 4
376 233 4
376 234 4
376 235 2
376 237 4
376 239 3
376 241 4
376 245 3
376 248 4
376 252 4
376 254 4
376 255 4
376 257 5
376 258 4
376 269 4
376 272 5
376 273 3
376 274 4
376 275 4
376 276 4
376 277 2
376 280 4
376 281 3
376 282 3
376 283 3
376 284 4
376 285 4
376 286 4
376 288 4
376 289 4
376 294 3
376 295 4
376 298 3
376 300 4
376 301 4
376 302 4
376 304 4
376 317 3
376 318 4
376 319 3
376 321 3
376 326 4
376 328 3
376 356 4
376 365 5
376 367 4
376 380 4
376 381 4
376 382 4
376 385 4
376 386 2
376 387 2
376 392 4
376 393 4
376 396 2
376 401 2
376 403 3
376 404 3
376 405 3
376 409 2
376 410 3
376 411 3
376 417 4
376 418 4
376 419 4
376 420 4
376 423 4
376 432 4
376 435 4
376 447 3
376 449 4
376 450 4
376 451 4
376 458 3
376 465 4
376 469 3
376 471 4
376 476 3
376 479 4
376 482 4
376 485 4
376 496 4
376 500 4
376 501 3
376 508 3
376 509 4
376 517 5
376 527 4
376 528 4
376 542 3
376 546 3
376 549 4
376 554 4
376 559 2
376 566 3
376 568 4
376 572 4
376 575 1
376 576 4
376 582 4
376 591 4
376 596 3
376 597 3
376 619 3
376 620 4
376 623 3
376 629 3
376 631 3
376 632 3
376 635 4
376 636 4
376 651 4
376 655 4
376 663 2
376 665 4
376 674 4
376 686 3
376 692 3
376 693 4
376 694 5
376 702 2
376 703 5
376 707 4
376 708 4
376 709 4
376 715 3
376 716 5
376 720 4
376 722 4
376 724 4
376 727 4
376 729 3
376 731 4
376 732 3
376 734 4
376 736 5
376 742 4
376 744 3
376 747 4
376 755 5
376 756 3
376 762 4
376 768 2
376 778 4
376 780 3
376 787 4
376 792 3
376 793 4
376 796 4
376 806 4
376 807 4
376 845 4
376 866 4
376 875 4
376 896 4
376 918 4
376 921 4
376 924 3
376 926 2
376 928 2
376 930 4
376 939 3
376 942 5
376 951 4
376 959 2
376 961 4
376 969 5
376 972 4
376 977 4
376 979 4
377 1 3
377 2 3
377 4 4
377 8 4
377 9 5
377 12 5
377 23 5
377 50 4
377 52 4
377 54 3
377 56 5
377 62 3
377 63 2
377 64 5
377 69 4
377 79 4
377 82 4
377 83 4
377 88 4
377 89 4
377 90 4
377 93 4
377 96 5
377 98 4
377 100 5
377 116 4
377 124 4
377 131 2
377 133 3
377 135 4
377 141 3
377 144 4
377 152 4
377 153 4
377 157 3
377 158 3
377 161 3
377 163 3
377 164 4
377 168 5
377 172 4
377 173 5
377 176 4
377 177 4
377 178 5
377 179 4
377 183 4
377 186 4
377 188 4
377 191 4
377 192 4
377 193 4
377 194 4
377 195 5
377 196 4
377 200 4
377 202 4
377 203 4
377 204 4
377 205 3
377 208 5
377 210 4
377 211 4
377 216 4
377 219 1
377 227 3
377 230 3
377 233 3
377 238 5
377 239 3
377 257 3
377 270 3
377 271 2
377 284 3
377 285 4
377 294 2
377 300 3
377 306 4
377 310 4
377 331 4
377 339 4
377 357 4
377 372 4
377 381 5
377 383 4
377 385 2
377 391 4
377 393 3
377 395 4
377 401 3
377 402 4
377 405 3
377 414 4
377 417 4
377 419 3
377 427 5
377 428 5
377 434 4
377 436 4
377 443 4
377 447 4
377 448 3
377 451 4
377 452 4
377 461 4
377 480 5
377 496 4
377 504 4
377 511 4
377 514 4
377 516 4
377 517 4
377 520 5
377 522 4
377 523 5
377 527 4
377 528 4
377 529 4
377 530 4
377 554 1
377 559 4
377 563 4
377 566 4
377 568 4
377 575 4
377 576 4
377 603 4
377 616 5
377 622 4
377 636 3
377 637 4
377 644 4
377 649 4
377 651 4
377 655 4
377 659 4
377 674 4
377 684 3
377 686 4
377 701 4
377 704 2
377 705 4
377 710 3
377 712 4
377 729 3
377 732 3
377 735 5
377 736 5
377 746 5
377 842 4
377 855 4
378 1 5
378 7 3
378 12 4
378 22 4
378 28 3
378 31 4
378 38 3
378 58 4
378 59 5
378 60 5
378 61 4
378 62 3
378 64 5
378 69 3
378 71 3
378 81 5
378 95 4
378 98 5
378 100 4
378 109 3
378 114 5
378 118 3
378 121 4
378 132 4
378 134 4
378 139 4
378 152 4
378 154 5
378 161 3
378 163 4
378 168 4
378 170 5
378 172 5
378 176 4
378 177 5
378 180 3
378 181 5
378 183 4
378 185 4
378 186 4
378 190 5
378 194 4
378 197 5
378 208 4
378 213 4
378 215 3
378 217 2
378 222 4
378 228 4
378 229 3
378 238 4
378 241 4
378 258 5
378 265 4
378 270 4
378 306 4
378 313 3
378 315 3
378 340 4
378 356 4
378 357 4
378 382 5
378 414 3
378 416 4
378 419 4
378 423 4
378 425 4
378 427 5
378 428 4
378 435 5
378 443 4
378 449 4
378 462 5
378 463 4
378 465 4
378 474 4
378 479 5
378 483 4
378 502 4
378 506 5
378 512 4
378 515 5
378 518 3
378 521 4
378 527 4
378 529 5
378 530 3
378 549 3
378 561 4
378 566 4
378 570 4
378 573 4
378 582 4
378 587 4
378 614 4
378 629 3
378 630 4
378 631 5
378 651 5
378 652 4
378 654 5
378 663 4
378 664 4
378 665 4
378 670 4
378 684 4
378 699 4
378 708 4
378 712 4
378 729 5
378 732 4
378 736 4
378 744 4
378 750 4
378 751 4
378 753 4
378 770 4
378 856 4
378 923 5
378 956 4
378 959 4
379 1 4
379 13 3
379 14 5
379 15 3
379 16 5
379 20 4
379 30 3
379 50 4
379 59 4
379 77 3
379 79 3
379 83 5
379 89 4
379 94 3
379 95 3
379 97 3
379 99 4
379 100 5
379 102 2
379 121 4
379 129 3
379 132 5
379 133 4
379 134 5
379 135 4
379 139 3
379 150 5
379 151 4
379 175 4
379 178 4
379 191 4
379 212 4
379 214 4
379 216 3
379 217 3
379 228 5
379 259 2
379 276 3
379 281 4
379 294 2
379 303 3
379 304 4
379 318 5
379 344 4
379 378 3
379 418 3
379 443 3
379 459 2
379 462 4
379 473 3
379 479 4
379 485 5
379 487 4
379 493 5
379 495 4
379 498 4
379 501 4
379 509 4
379 517 3
379 525 5
379 526 3
379 529 4
379 582 4
379 607 3
379 631 5
379 634 4
379 640 2
379 647 4
379 652 4
379 656 4
379 657 4
379 660 4
379 673 4
379 682 4
379 693 3
379 705 3
379 724 4
379 742 3
379 771 4
379 778 2
379 855 4
379 887 4
379 898 4
379 914 4
379 931 2
379 934 4
379 961 4
379 995 3
380 7 5
380 9 4
380 23 4
380 50 5
380 56 4
380 98 4
380 100 4
380 122 2
380 127 5
380 134 4
380 135 4
380 137 3
380 150 5
380 171 4
380 177 4
380 180 4
380 183 4
380 258 4
380 276 3
380 290 3
380 332 4
380 475 5
380 481 4
380 482 3
380 507 3
380 508 5
380 531 4
380 717 3
381 14 4
381 19 5
381 58 3
381 81 4
381 86 2
381 89 4
381 100 4
381 134 4
381 135 4
381 137 4
381 180 4
381 193 4
381 197 4
381 203 3
381 205 4
381 223 4
381 237 3
381 238 4
381 268 4
381 272 4
381 285 4
381 302 4
381 315 4
381 319 2
381 321 2
381 345 4
381 357 4
381 425 4
381 427 4
381 435 5
381 464 4
381 474 4
381 475 3
381 478 4
381 479 4
381 480 4
381 483 4
381 484 4
381 496 4
381 505 4
381 514 4
381 531 5
381 603 4
381 639 4
381 641 5
381 657 4
382 272 4
382 289 2
382 302 4
382 316 4
382 327 3
382 343 3
382 355 4
382 751 3
382 989 4
383 4 4
383 8 4
383 12 4
383 18 4
383 24 4
383 29 3
383 32 5
383 37 2
383 42 3
383 47 3
383 48 4
383 50 5
383 53 3
383 56 5
383 58 3
383 59 4
383 61 4
383 79 4
383 81 4
383 82 4
383 87 4
383 89 5
383 93 5
383 98 5
383 99 4
383 111 4
383 114 5
383 122 3
383 127 5
383 128 4
383 129 4
383 131 3
383 133 4
383 134 4
383 135 4
383 136 4
383 143 3
383 144 4
383 145 2
383 151 4
383 152 3
383 153 3
383 168 4
383 169 5
383 171 5
383 172 5
383 173 3
383 174 5
383 175 5
383 177 5
383 180 4
383 181 5
383 183 4
383 186 4
383 187 5
383 189 4
383 191 4
383 192 5
383 194 4
383 195 4
383 199 3
383 200 4
383 207 4
383 208 4
383 209 4
383 211 4
383 216 4
383 217 3
383 218 4
383 219 2
383 221 5
383 224 5
383 235 4
383 236 4
383 238 5
383 249 4
383 250 4
383 253 5
383 254 1
383 256 4
383 257 3
383 262 4
383 273 4
383 276 5
383 283 4
383 285 4
383 286 5
383 290 2
383 293 5
383 304 4
383 305 4
383 318 4
383 320 5
383 325 2
383 337 4
383 340 3
383 346 4
383 347 4
383 367 3
383 383 1
383 385 3
383 403 4
383 405 3
383 408 4
383 417 3
383 419 3
383 423 4
383 425 4
383 427 5
383 428 4
383 429 5
383 430 4
383 433 4
383 435 4
383 443 5
383 447 4
383 451 4
383 455 3
383 458 4
383 461 4
383 462 4
383 473 4
383 474 4
383 479 4
383 480 5
383 482 4
383 483 5
383 485 5
383 486 4
383 487 4
383 489 5
383 492 3
383 496 4
383 498 4
383 500 4
383 502 4
383 503 3
383 506 4
383 507 5
383 508 5
383 511 5
383 512 5
383 520 4
383 521 4
383 523 5
383 524 4
383 525 3
383 526 4
383 529 5
383 557 4
383 603 4
383 604 4
383 606 5
383 616 4
383 631 3
383 650 4
383 652 5
383 653 4
383 654 4
383 657 5
383 658 4
383 659 5
383 661 4
383 663 4
383 664 4
383 673 4
383 674 4
383 675 3
383 705 5
383 719 3
383 727 4
383 732 4
383 739 3
383 745 4
383 794 3
383 851 4
383 855 4
383 865 4
383 871 4
383 896 4
383 900 4
383 919 5
383 922 5
383 940 3
383 942 4
383 945 4
383 959 4
383 961 4
383 965 5
384 24 4
384 50 3
384 121 3
384 222 3
384 273 5
384 455 3
384 685 3
384 825 2
384 833 4
384 840 1
385 2 3
385 4 4
385 7 4
385 8 3
385 10 3
385 11 3
385 13 3
385 20 4
385 22 4
385 23 4
385 24 2
385 27 2
385 31 4
385 32 3
385 33 4
385 39 3
385 47 4
385 48 5
385 50 5
385 52 4
385 55 4
385 56 4
385 58 4
385 61 4
385 62 4
385 64 4
385 68 3
385 71 4
385 76 4
385 79 4
385 81 3
385 82 3
385 83 3
385 89 4
385 91 4
385 92 3
385 93 4
385 96 4
385 97 4
385 98 4
385 99 4
385 101 1
385 102 3
385 113 5
385 114 5
385 116 2
385 117 4
385 121 4
385 123 3
385 127 4
385 129 5
385 133 4
385 135 4
385 136 4
385 144 4
385 147 3
385 151 4
385 152 4
385 156 4
385 161 4
385 168 4
385 169 4
385 176 4
385 180 4
385 181 5
385 182 4
385 183 4
385 184 4
385 186 4
385 187 4
385 189 3
385 190 4
385 192 4
385 193 4
385 194 4
385 195 4
385 196 4
385 197 4
385 198 4
385 200 3
385 201 2
385 202 5
385 203 3
385 205 3
385 206 4
385 208 4
385 209 4
385 210 4
385 211 4
385 215 4
385 217 1
385 218 3
385 219 1
385 222 3
385 223 4
385 224 4
385 226 4
385 228 4
385 229 4
385 230 4
385 231 3
385 233 4
385 238 3
385 241 3
385 246 3
385 248 3
385 250 4
385 258 4
385 265 4
385 268 4
385 273 4
385 277 4
385 288 3
385 289 2
385 293 3
385 294 3
385 295 4
385 298 3
385 317 3
385 318 4
385 319 4
385 320 1
385 321 3
385 325 2
385 333 3
385 357 4
385 380 5
385 381 4
385 385 4
385 393 4
385 403 3
385 410 3
385 414 4
385 418 4
385 423 4
385 428 5
385 429 4
385 430 5
385 431 2
385 432 4
385 435 4
385 436 3
385 441 1
385 444 4
385 446 4
385 447 3
385 448 3
385 455 3
385 458 1
385 461 4
385 463 5
385 473 3
385 474 4
385 475 3
385 477 2
385 488 4
385 496 4
385 508 3
385 511 4
385 514 4
385 515 4
385 520 4
385 526 3
385 528 4
385 547 1
385 549 4
385 558 2
385 559 2
385 561 1
385 564 2
385 566 4
385 569 4
385 578 3
385 580 4
385 582 4
385 583 4
385 593 4
385 603 4
385 619 4
385 625 3
385 642 5
385 650 3
385 651 5
385 659 3
385 663 5
385 672 1
385 674 2
385 678 2
385 679 3
385 684 5
385 692 4
385 693 4
385 697 4
385 715 2
385 732 4
385 735 4
385 737 3
385 742 4
385 744 4
385 768 2
385 769 3
385 772 1
385 773 1
385 774 4
385 789 5
385 790 2
385 806 5
385 844 1
385 845 3
385 854 1
385 856 5
385 919 3
385 942 4
385 943 4
385 952 4
385 969 4
385 972 4
385 984 4
386 5 4
386 56 4
386 100 4
386 111 2
386 117 5
386 147 4
386 184 4
386 237 3
386 259 3
386 288 3
386 298 3
386 307 3
386 310 3
386 315 4
386 323 3
386 326 2
386 333 4
386 508 3
386 569 4
386 591 4
386 628 4
386 678 3
386 680 4
386 682 2
386 690 1
386 742 4
386 769 4
386 773 4
386 816 4
386 845 3
386 871 2
386 895 4
387 4 4
387 8 4
387 23 4
387 25 4
387 28 4
387 29 3
387 38 3
387 40 4
387 42 4
387 47 3
387 50 5
387 53 3
387 56 4
387 58 4
387 59 4
387 64 4
387 65 4
387 66 4
387 69 4
387 72 3
387 77 3
387 79 4
387 80 2
387 82 3
387 88 4
387 90 4
387 94 3
387 95 4
387 98 4
387 99 5
387 100 4
387 105 2
387 109 3
387 111 4
387 118 3
387 127 5
387 131 4
387 132 4
387 136 4
387 142 4
387 151 4
387 152 4
387 153 4
387 154 4
387 159 4
387 160 4
387 167 3
387 168 4
387 172 4
387 173 4
387 174 5
387 176 4
387 178 5
387 179 4
387 181 4
387 185 4
387 186 4
387 191 4
387 194 5
387 197 5
387 202 4
387 204 4
387 205 4
387 208 4
387 210 4
387 211 4
387 216 4
387 217 3
387 234 4
387 238 4
387 249 3
387 275 4
387 283 4
387 285 5
387 300 4
387 301 3
387 346 4
387 378 5
387 383 1
387 384 4
387 393 4
387 395 4
387 396 3
387 401 2
387 404 4
387 407 4
387 410 3
387 411 3
387 414 4
387 416 4
387 420 4
387 423 4
387 428 4
387 429 4
387 435 4
387 451 4
387 454 3
387 467 4
387 471 4
387 474 4
387 475 4
387 477 4
387 478 4
387 479 4
387 480 4
387 481 4
387 483 5
387 484 5
387 490 4
387 491 4
387 492 4
387 493 4
387 497 4
387 498 5
387 499 4
387 501 3
387 502 4
387 503 4
387 504 4
387 506 4
387 507 4
387 509 3
387 510 4
387 514 5
387 517 4
387 518 4
387 519 5
387 520 4
387 525 4
387 526 4
387 550 4
387 558 4
387 568 3
387 583 3
387 584 3
387 588 4
387 591 3
387 602 5
387 604 4
387 605 4
387 607 4
387 610 4
387 612 4
387 613 4
387 615 4
387 616 4
387 630 4
387 631 4
387 642 4
387 649 4
387 656 5
387 657 4
387 661 4
387 662 4
387 671 5
387 674 4
387 693 4
387 699 4
387 700 4
387 705 4
387 712 3
387 715 4
387 731 4
387 732 4
387 736 3
387 739 3
387 756 3
387 763 3
387 778 4
387 780 3
387 785 3
387 792 4
387 820 2
387 824 4
387 835 4
387 836 4
387 845 3
387 847 4
387 923 4
387 926 2
387 942 4
387 945 4
387 954 4
387 997 4
388 1 4
388 9 4
388 13 4
388 126 3
388 258 4
388 275 4
388 302 4
388 304 4
388 319 4
388 328 4
388 329 4
388 331 4
388 740 4
388 742 5
388 845 4
388 989 4
389 9 5
389 11 3
389 12 4
389 15 4
389 22 5
389 31 3
389 47 3
389 48 4
389 56 3
389 58 2
389 59 5
389 60 5
389 64 5
389 69 4
389 71 4
389 76 4
389 89 4
389 97 3
389 100 4
389 127 4
389 132 4
389 134 5
389 148 4
389 168 4
389 173 4
389 182 4
389 188 3
389 191 4
389 195 4
389 197 4
389 200 4
389 203 3
389 204 4
389 205 4
389 213 5
389 215 4
389 222 3
389 234 4
389 237 4
389 238 4
389 258 4
389 264 4
389 276 3
389 282 5
389 286 4
389 288 3
389 294 3
389 300 4
389 318 5
389 334 4
389 357 4
389 421 4
389 458 1
389 460 4
389 471 4
389 474 4
389 479 4
389 480 4
389 482 4
389 490 4
389 491 4
389 498 4
389 504 4
389 507 4
389 508 3
389 510 5
389 511 3
389 527 4
389 530 3
389 544 4
389 546 4
389 603 4
389 604 4
389 628 4
389 646 4
389 659 4
389 661 4
389 678 2
389 748 3
389 772 4
389 774 4
389 963 4
390 8 4
390 23 4
390 58 3
390 59 4
390 99 3
390 114 4
390 129 3
390 166 4
390 169 4
390 170 4
390 172 5
390 173 5
390 178 5
390 179 5
390 180 5
390 181 4
390 189 3
390 191 4
390 197 5
390 199 4
390 200 4
390 209 3
390 244 4
390 248 4
390 249 4
390 250 3
390 255 4
390 257 4
390 260 4
390 268 4
390 270 5
390 271 3
390 272 4
390 276 3
390 285 4
390 288 4
390 289 4
390 293 4
390 294 3
390 297 4
390 300 4
390 302 5
390 303 4
390 304 5
390 310 4
390 312 4
390 313 4
390 319 4
390 321 4
390 323 3
390 324 2
390 325 4
390 328 4
390 333 4
390 340 4
390 344 4
390 345 4
390 346 4
390 347 3
390 463 3
390 482 3
390 491 4
390 492 3
390 493 4
390 511 4
390 515 5
390 534 4
390 538 4
390 615 4
390 632 5
390 650 3
390 663 3
390 705 4
390 813 5
390 847 3
390 872 4
390 873 4
390 880 4
391 2 4
391 3 4
391 4 3
391 5 3
391 7 4
391 11 4
391 12 4
391 15 4
391 17 4
391 21 3
391 22 5
391 24 4
391 25 3
391 26 4
391 27 4
391 28 4
391 29 3
391 31 4
391 36 4
391 38 2
391 40 4
391 41 2
391 42 3
391 48 4
391 49 3
391 50 4
391 51 4
391 54 3
391 55 3
391 56 4
391 58 4
391 62 3
391 64 4
391 65 4
391 67 3
391 68 3
391 69 4
391 70 4
391 71 4
391 73 4
391 78 2
391 79 4
391 81 2
391 83 4
391 84 4
391 85 4
391 86 4
391 87 4
391 88 3
391 90 3
391 94 4
391 95 4
391 99 4
391 100 4
391 105 2
391 108 4
391 109 3
391 110 4
391 111 3
391 117 4
391 118 3
391 122 1
391 123 3
391 126 3
391 128 4
391 132 4
391 135 3
391 136 5
391 138 4
391 139 4
391 142 4
391 144 4
391 147 3
391 148 3
391 153 4
391 154 3
391 161 4
391 168 3
391 169 5
391 172 4
391 173 5
391 181 4
391 184 4
391 186 3
391 189 4
391 191 4
391 194 4
391 196 3
391 202 4
391 203 4
391 204 4
391 206 4
391 215 3
391 222 4
391 223 4
391 227 3
391 228 4
391 233 3
391 237 4
391 239 4
391 240 4
391 241 4
391 243 1
391 245 3
391 252 4
391 255 4
391 257 4
391 258 4
391 265 5
391 270 4
391 271 4
391 273 3
391 274 3
391 275 5
391 278 2
391 280 4
391 281 2
391 283 5
391 290 4
391 291 3
391 294 3
391 298 2
391 303 4
391 313 5
391 316 4
391 317 3
391 318 5
391 321 3
391 323 3
391 328 3
391 333 4
391 338 1
391 342 4
391 344 4
391 347 4
391 354 4
391 355 4
391 356 3
391 357 3
391 362 3
391 363 3
391 364 3
391 365 4
391 366 2
391 369 2
391 373 4
391 374 4
391 376 3
391 377 4
391 378 3
391 380 3
391 385 4
391 386 2
391 391 2
391 393 3
391 394 4
391 396 4
391 403 3
391 404 3
391 405 4
391 409 2
391 410 3
391 412 3
391 415 4
391 417 2
391 418 4
391 419 2
391 420 4
391 421 4
391 423 4
391 431 4
391 443 3
391 456 1
391 465 3
391 470 3
391 471 3
391 472 3
391 473 2
391 476 3
391 477 4
391 479 4
391 480 4
391 496 5
391 497 4
391 500 4
391 501 4
391 527 4
391 538 4
391 539 4
391 540 2
391 544 2
391 546 3
391 550 4
391 552 2
391 553 2
391 554 4
391 559 2
391 561 4
391 566 4
391 568 4
391 569 4
391 571 4
391 576 2
391 578 3
391 588 4
391 591 4
391 596 3
391 597 3
391 622 4
391 623 2
391 628 3
391 630 3
391 633 3
391 636 3
391 644 5
391 651 4
391 655 4
391 659 4
391 672 2
391 681 4
391 683 4
391 685 4
391 686 4
391 687 3
391 690 4
391 692 3
391 696 4
391 705 4
391 710 4
391 715 1
391 717 3
391 721 3
391 722 3
391 725 4
391 727 4
391 728 3
391 731 4
391 737 3
391 739 4
391 742 4
391 747 3
391 751 4
391 755 3
391 756 3
391 761 3
391 763 3
391 771 4
391 775 3
391 778 3
391 779 4
391 780 2
391 781 3
391 783 3
391 789 4
391 792 5
391 794 3
391 797 3
391 802 4
391 805 4
391 808 2
391 810 4
391 812 4
391 815 3
391 821 3
391 824 4
391 825 3
391 826 3
391 831 2
391 836 5
391 840 3
391 841 2
391 842 4
391 843 4
391 845 4
391 870 4
391 871 2
391 876 2
391 879 4
391 890 4
391 905 4
391 922 4
391 929 4
391 930 3
391 932 4
391 939 3
391 940 2
391 944 2
391 949 3
391 951 3
391 953 3
391 964 4
391 977 3
391 996 3
391 997 2
391 999 4
391 1000 4
392 1 4
392 7 4
392 28 4
392 31 4
392 38 3
392 39 4
392 42 4
392 56 5
392 63 4
392 68 4
392 72 4
392 73 4
392 79 4
392 84 4
392 88 3
392 96 4
392 97 4
392 98 4
392 101 3
392 117 4
392 121 3
392 128 4
392 132 4
392 144 4
392 154 4
392 156 4
392 158 4
392 161 3
392 164 4
392 172 5
392 174 5
392 179 5
392 181 4
392 184 4
392 195 5
392 208 5
392 210 4
392 216 4
392 217 2
392 218 3
392 222 4
392 226 4
392 227 4
392 229 3
392 230 5
392 232 3
392 233 5
392 238 4
392 250 3
392 257 4
392 265 3
392 282 4
392 288 4
392 313 5
392 364 4
392 383 4
392 385 4
392 386 4
392 411 4
392 416 3
392 419 2
392 423 5
392 433 4
392 449 4
392 450 4
392 455 3
392 496 4
392 508 4
392 540 4
392 541 4
392 550 5
392 552 4
392 554 4
392 559 4
392 561 4
392 568 4
392 576 4
392 578 4
392 597 3
392 655 5
392 658 4
392 665 4
392 679 3
392 746 5
392 763 5
392 771 4
392 773 4
392 780 5
392 797 4
392 802 4
392 979 3
393 1 4
393 50 5
393 64 4
393 89 5
393 97 4
393 98 5
393 100 3
393 121 4
393 151 3
393 154 4
393 174 5
393 186 5
393 196 3
393 210 4
393 216 4
393 237 3
393 252 1
393 255 1
393 257 5
393 273 2
393 313 4
393 315 4
393 328 4
393 342 4
393 343 4
393 423 5
393 458 1
393 472 3
393 632 4
393 739 4
393 892 3
393 924 4
394 1 4
394 9 4
394 25 3
394 100 5
394 106 3
394 117 4
394 121 4
394 125 4
394 222 4
394 237 4
394 245 4
394 260 4
394 274 3
394 291 4
394 300 4
394 322 4
394 328 3
394 329 4
394 333 4
394 405 4
394 455 3
394 471 4
394 591 4
394 619 4
394 678 3
394 717 3
394 751 4
394 840 4
394 930 4
394 977 3
394 986 4
395 7 4
395 8 3
395 23 4
395 56 3
395 95 4
395 100 4
395 108 2
395 109 4
395 117 4
395 127 4
395 134 5
395 135 4
395 156 4
395 171 4
395 172 4
395 174 4
395 177 4
395 178 4
395 181 4
395 183 4
395 192 4
395 194 4
395 197 4
395 210 3
395 221 3
395 223 4
395 261 4
395 268 4
395 286 3
395 288 5
395 302 4
395 313 4
395 318 4
395 322 2
395 324 4
395 325 4
395 327 3
395 334 4
395 338 4
395 340 4
395 345 4
395 346 4
395 390 5
395 423 4
395 457 1
395 475 1
395 479 4
395 483 4
395 498 5
395 513 4
395 588 3
395 615 5
395 641 4
395 657 4
395 680 4
395 705 4
395 748 3
395 751 2
395 853 4
395 855 3
395 878 1
395 894 4
395 896 4
395 988 2
395 989 4
395 991 4
396 4 3
396 12 5
396 13 4
396 15 4
396 25 3
396 28 4
396 31 4
396 47 2
396 49 3
396 50 5
396 56 3
396 58 3
396 63 3
396 64 4
396 65 3
396 66 4
396 69 4
396 70 3
396 72 4
396 73 4
396 82 4
396 85 4
396 88 4
396 94 4
396 95 4
396 117 4
396 124 4
396 125 3
396 126 4
396 127 5
396 144 4
396 152 1
396 154 3
396 159 4
396 162 3
396 163 5
396 167 4
396 168 3
396 172 5
396 173 5
396 174 5
396 178 4
396 181 5
396 182 4
396 183 5
396 186 3
396 191 4
396 194 5
396 196 4
396 197 4
396 199 4
396 202 4
396 203 4
396 204 4
396 205 4
396 211 4
396 216 4
396 227 3
396 228 4
396 229 3
396 230 5
396 234 4
396 235 2
396 239 4
396 274 3
396 276 2
396 284 4
396 357 4
396 385 3
396 393 4
396 399 3
396 403 3
396 414 4
396 417 4
396 423 5
396 429 4
396 430 4
396 432 5
396 435 4
396 474 4
396 476 2
396 479 4
396 480 3
396 481 4
396 485 3
396 491 4
396 493 4
396 494 4
396 495 4
396 496 4
396 497 4
396 498 5
396 501 3
396 502 4
396 504 5
396 510 4
396 514 5
396 519 4
396 520 4
396 521 4
396 525 4
396 588 4
396 589 4
396 591 3
396 602 4
396 648 4
396 654 3
396 663 3
396 692 3
396 700 4
396 710 4
396 715 1
396 732 4
396 735 3
396 737 2
396 756 3
396 796 3
396 953 4
396 969 3
396 991 4
396 993 3
397 2 3
397 5 2
397 8 5
397 9 4
397 15 4
397 22 5
397 26 3
397 31 4
397 33 4
397 38 4
397 41 4
397 42 4
397 48 4
397 53 3
397 55 5
397 56 4
397 57 4
397 58 4
397 62 4
397 63 2
397 66 3
397 67 2
397 68 3
397 69 4
397 71 4
397 72 4
397 73 3
397 77 5
397 79 4
397 80 4
397 84 4
397 91 3
397 94 2
397 95 5
397 97 4
397 98 4
397 99 4
397 102 2
397 110 3
397 114 4
397 117 3
397 118 3
397 121 4
397 127 4
397 128 1
397 132 5
397 140 5
397 143 4
397 144 4
397 147 3
397 148 4
397 153 4
397 154 5
397 155 2
397 156 4
397 157 4
397 161 4
397 164 4
397 172 5
397 173 4
397 174 5
397 175 5
397 179 3
397 180 5
397 181 4
397 186 4
397 187 5
397 188 4
397 195 4
397 196 4
397 203 4
397 204 4
397 210 4
397 214 4
397 215 4
397 219 1
397 223 5
397 226 4
397 227 4
397 228 4
397 229 3
397 230 3
397 231 2
397 233 4
397 234 5
397 237 4
397 238 4
397 239 4
397 241 3
397 264 4
397 265 4
397 268 4
397 273 4
397 274 4
397 276 5
397 282 4
397 284 2
397 288 3
397 289 2
397 291 4
397 295 4
397 301 1
397 307 3
397 318 4
397 323 3
397 332 3
397 338 1
397 340 3
397 364 4
397 372 5
397 378 4
397 382 3
397 383 4
397 384 2
397 385 4
397 386 4
397 388 4
397 389 4
397 393 3
397 399 4
397 400 4
397 401 3
397 402 4
397 403 3
397 405 3
397 407 4
397 412 2
397 413 1
397 418 4
397 420 5
397 423 4
397 431 2
397 432 4
397 436 3
397 444 4
397 450 3
397 451 4
397 452 4
397 454 4
397 455 4
397 459 4
397 470 3
397 471 3
397 475 4
397 486 5
397 496 4
397 501 4
397 506 5
397 508 4
397 527 5
397 531 4
397 542 3
397 543 3
397 544 3
397 546 3
397 549 4
397 550 4
397 551 1
397 554 2
397 559 3
397 564 2
397 566 3
397 568 4
397 575 3
397 576 4
397 578 3
397 582 4
397 587 4
397 588 3
397 591 3
397 597 3
397 616 4
397 622 4
397 628 4
397 633 5
397 651 4
397 655 4
397 673 3
397 679 4
397 684 4
397 693 4
397 697 4
397 710 3
397 720 4
397 722 4
397 727 4
397 732 4
397 735 4
397 738 4
397 742 2
397 744 3
397 747 3
397 754 4
397 755 3
397 760 1
397 763 2
397 768 4
397 769 3
397 772 1
397 774 1
397 779 4
397 781 3
397 806 4
397 809 4
397 813 4
397 817 1
397 824 3
397 825 2
397 826 1
397 845 3
397 924 4
397 926 2
397 928 4
397 941 1
397 946 4
397 959 4
397 969 3
397 975 4
397 977 4
397 986 4
398 258 4
398 286 4
398 288 3
398 294 4
398 300 4
398 304 4
398 332 4
398 689 3
398 690 4
399 9 5
399 11 4
399 13 3
399 14 5
399 25 5
399 26 4
399 44 4
399 50 4
399 64 5
399 65 4
399 69 4
399 70 5
399 71 5
399 83 5
399 97 5
399 100 5
399 117 4
399 127 4
399 133 5
399 135 4
399 143 5
399 144 3
399 147 4
399 151 3
399 153 4
399 154 5
399 157 3
399 161 4
399 162 5
399 172 2
399 173 5
399 174 5
399 181 3
399 194 4
399 196 5
399 197 5
399 198 5
399 199 5
399 202 3
399 204 4
399 210 4
399 225 3
399 248 4
399 257 3
399 272 5
399 273 3
399 275 4
399 276 4
399 280 5
399 282 5
399 294 3
399 302 5
399 312 4
399 315 5
399 316 4
399 321 4
399 322 4
399 328 4
399 342 4
399 356 4
399 357 5
399 365 4
399 371 5
399 385 4
399 404 4
399 430 3
399 435 5
399 451 5
399 462 5
399 471 4
399 473 3
399 477 5
399 478 5
399 481 4
399 483 5
399 485 4
399 486 4
399 493 5
399 499 5
399 501 3
399 507 4
399 508 4
399 509 4
399 511 3
399 515 5
399 519 4
399 520 4
399 527 4
399 528 4
399 535 5
399 553 4
399 566 4
399 582 4
399 588 4
399 603 5
399 604 5
399 609 5
399 630 4
399 632 5
399 638 4
399 651 5
399 654 5
399 655 5
399 659 4
399 661 5
399 684 4
399 707 5
399 724 5
399 735 4
399 748 3
399 762 4
399 815 4
399 866 3
399 892 4
400 7 4
400 9 4
400 10 3
400 12 4
400 13 3
400 16 3
400 19 3
400 25 3
400 42 4
400 50 5
400 111 4
400 116 4
400 117 3
400 124 5
400 126 4
400 127 4
400 135 4
400 151 4
400 182 4
400 204 4
400 235 2
400 237 4
400 245 4
400 255 4
400 257 3
400 273 3
400 276 4
400 286 4
400 455 4
400 471 4
400 475 1
400 476 2
400 479 5
400 480 4
400 483 5
400 511 4
400 515 5
400 529 4
400 628 4
400 696 4
400 864 4
