201 1 5
201 111 4
201 268 5
201 283 5
201 291 4
201 305 4
201 331 4
201 740 4
202 259 3
202 292 3
202 682 3
202 872 3
202 877 3
202 880 3
202 887 3
202 895 3
202 948 2
203 7 3
203 9 3
203 100 3
203 106 3
203 111 3
203 117 3
203 118 4
203 121 3
203 123 3
203 129 3
203 148 4
203 181 3
203 222 3
203 235 4
203 274 4
203 276 3
203 284 4
203 291 4
203 370 4
203 410 4
203 471 3
203 472 4
203 515 3
203 546 4
203 597 3
203 685 2
203 748 4
203 845 3
203 864 4
203 866 3
203 925 3
203 928 3
204 22 4
204 66 4
204 243 4
204 245 4
204 258 4
204 259 4
204 269 4
204 270 4
204 289 4
204 300 4
204 307 4
204 310 4
204 313 4
204 323 4
204 327 4
204 331 4
204 333 4
204 342 4
204 343 4
204 348 4
204 678 4
204 683 4
204 687 4
204 689 4
204 690 4
204 748 4
204 754 4
204 879 4
204 892 4
204 901 4
205 2 1
205 5 3
205 8 1
205 11 2
205 12 2
205 22 2
205 23 2
205 28 1
205 29 3
205 30 2
205 31 1
205 32 2
205 33 2
205 37 2
205 38 2
205 39 2
205 40 1
205 41 1
205 42 1
205 43 3
205 45 4
205 47 2
205 48 2
205 49 2
205 50 2
205 51 1
205 52 1
205 53 1
205 55 2
205 56 2
205 57 4
205 58 2
205 60 5
205 61 3
205 62 2
205 63 3
205 64 2
205 66 2
205 67 1
205 68 3
205 70 2
205 71 2
205 72 2
205 73 2
205 75 2
205 76 4
205 77 2
205 78 2
205 80 2
205 81 2
205 82 2
205 83 2
205 85 1
205 87 2
205 88 2
205 90 2
205 91 2
205 92 1
205 94 2
205 96 3
205 97 1
205 98 2
205 101 2
205 102 2
205 127 2
205 132 2
205 135 2
205 139 3
205 141 1
205 142 4
205 149 2
205 161 2
205 168 2
205 169 3
205 172 2
205 173 2
205 175 2
205 178 2
205 179 1
205 180 1
205 183 2
205 184 2
205 185 2
205 186 1
205 188 1
205 189 1
205 190 2
205 191 2
205 192 2
205 193 1
205 195 2
205 197 2
205 198 2
205 199 2
205 200 2
205 202 3
205 204 2
205 206 4
205 207 2
205 208 2
205 210 2
205 211 2
205 212 2
205 214 2
205 215 1
205 216 2
205 217 1
205 218 1
205 219 2
205 226 1
205 227 2
205 228 2
205 229 2
205 230 2
205 231 2
205 232 1
205 233 3
205 234 2
205 238 2
205 239 2
205 265 2
205 288 2
205 302 2
205 308 2
205 317 2
205 318 2
205 347 2
205 350 1
205 351 2
205 356 2
205 361 2
205 364 4
205 365 2
205 366 2
205 367 1
205 371 3
205 374 3
205 376 2
205 377 2
205 379 3
205 383 2
205 384 3
205 386 3
205 387 2
205 388 5
205 391 2
205 393 2
205 395 5
205 396 2
205 397 3
205 399 2
205 400 3
205 402 2
205 403 2
205 404 1
205 414 1
205 415 5
205 416 2
205 417 2
205 419 1
205 420 2
205 421 2
205 422 3
205 423 2
205 426 4
205 427 2
205 430 1
205 431 3
205 433 2
205 434 2
205 437 2
205 438 3
205 439 2
205 440 3
205 441 3
205 442 2
205 444 3
205 446 5
205 447 3
205 448 2
205 449 3
205 450 2
205 451 2
205 452 2
205 453 2
205 461 3
205 462 2
205 463 1
205 464 3
205 465 4
205 467 4
205 469 4
205 470 2
205 480 2
205 482 2
205 501 2
205 504 2
205 509 1
205 510 2
205 511 2
205 514 2
205 515 2
205 516 4
205 517 3
205 518 2
205 519 2
205 520 2
205 521 2
205 522 5
205 523 2
205 524 2
205 525 4
205 526 1
205 527 1
205 528 2
205 529 3
205 530 2
205 536 3
205 537 2
205 540 2
205 541 2
205 543 2
205 545 2
205 548 2
205 549 1
205 551 2
205 552 3
205 553 2
205 555 5
205 556 2
205 557 1
205 558 3
205 559 2
205 560 4
205 561 2
205 562 3
205 563 1
205 564 4
205 565 2
205 566 2
205 567 1
205 568 1
205 569 3
205 570 1
205 573 3
205 574 2
205 575 2
205 577 1
205 578 2
205 579 2
205 580 4
205 581 2
205 583 2
205 584 3
205 585 2
205 586 3
205 588 2
205 592 2
205 593 5
205 603 2
205 606 4
205 622 3
205 623 2
205 624 2
205 625 2
205 626 2
205 627 3
205 639 4
205 642 2
205 643 2
205 644 2
205 645 2
205 647 2
205 648 2
205 649 3
205 650 1
205 651 1
205 652 2
205 653 2
205 654 2
205 655 2
205 656 4
205 659 2
205 661 2
205 662 1
205 664 2
205 666 2
205 667 1
205 669 2
205 670 3
205 671 2
205 673 2
205 674 2
205 675 2
205 679 2
205 684 2
205 692 2
205 693 5
205 694 3
205 695 3
205 697 2
205 699 2
205 700 3
205 702 2
205 707 2
205 708 3
205 710 3
205 712 4
205 714 2
205 715 2
205 716 2
205 719 2
205 720 3
205 721 4
205 722 4
205 723 4
205 726 2
205 727 2
205 728 3
205 729 3
205 731 3
205 732 2
205 734 3
205 736 2
205 739 2
205 745 3
205 746 4
205 747 1
205 753 3
205 755 3
205 759 2
205 761 2
205 765 5
205 768 3
205 769 3
205 770 3
205 771 2
205 772 5
205 773 2
205 774 2
205 775 3
205 776 2
205 777 2
205 778 2
205 779 5
205 780 2
205 782 3
205 783 3
205 784 2
205 785 2
205 786 2
205 787 1
205 788 2
205 789 1
205 790 3
205 791 1
205 793 2
205 794 3
205 795 2
205 796 1
205 798 2
205 802 2
205 807 2
205 808 3
205 810 2
205 812 2
205 816 1
205 842 4
205 843 1
205 849 3
205 851 2
205 853 2
205 854 2
205 855 5
205 858 2
205 859 2
205 860 1
205 861 2
205 904 2
205 921 3
205 939 2
205 941 4
205 943 3
205 944 3
205 946 4
205 947 3
205 949 3
205 951 3
205 953 4
205 955 2
205 956 3
205 957 3
205 959 3
205 960 2
205 964 3
205 969 3
205 971 4
205 994 2
205 996 2
205 997 3
205 999 2
206 1 3
206 3 3
206 4 2
206 5 3
206 7 2
206 8 2
206 10 4
206 11 3
206 12 3
206 13 4
206 14 4
206 15 2
206 20 4
206 22 3
206 24 3
206 25 3
206 28 2
206 30 4
206 32 2
206 39 4
206 40 3
206 42 3
206 47 3
206 48 3
206 50 2
206 52 4
206 58 2
206 63 2
206 64 3
206 69 2
206 71 2
206 72 3
206 79 2
206 85 4
206 86 4
206 87 3
206 89 3
206 92 3
206 93 2
206 96 2
206 99 3
206 115 3
206 117 3
206 121 2
206 123 4
206 125 3
206 127 3
206 129 4
206 131 4
206 132 3
206 133 4
206 134 3
206 135 3
206 136 4
206 143 2
206 148 2
206 151 3
206 152 4
206 153 2
206 156 2
206 158 1
206 164 3
206 168 2
206 170 4
206 172 2
206 173 2
206 174 3
206 175 3
206 179 3
206 181 2
206 182 3
206 183 2
206 186 1
206 187 4
206 188 3
206 190 3
206 191 2
206 194 3
206 195 2
206 196 2
206 198 4
206 199 2
206 202 3
206 203 3
206 204 3
206 206 3
206 209 2
206 211 3
206 212 2
206 213 4
206 215 2
206 218 3
206 219 3
206 220 4
206 222 2
206 228 3
206 234 2
206 235 3
206 237 2
206 238 2
206 239 2
206 240 3
206 274 1
206 275 4
206 276 2
206 277 4
206 284 4
206 289 3
206 317 4
206 318 3
206 357 2
206 368 3
206 381 3
206 396 3
206 404 3
206 405 3
206 410 3
206 411 3
206 414 4
206 418 3
206 419 4
206 420 3
206 421 2
206 427 3
206 428 2
206 429 3
206 430 4
206 431 2
206 434 4
206 435 2
206 436 2
206 443 3
206 447 3
206 451 3
206 452 1
206 453 3
206 461 4
206 463 4
206 468 2
206 469 4
206 474 2
206 476 2
206 479 3
206 480 4
206 481 4
206 482 4
206 485 2
206 487 4
206 488 3
206 490 3
206 496 3
206 498 3
206 499 4
206 501 3
206 503 4
206 504 3
206 505 4
206 507 4
206 508 2
206 509 4
206 511 4
206 514 3
206 515 2
206 517 3
206 519 3
206 520 2
206 523 3
206 524 4
206 526 3
206 527 3
206 528 2
206 529 4
206 543 3
206 559 3
206 561 4
206 573 3
206 582 2
206 588 4
206 589 4
206 591 2
206 596 3
206 605 4
206 606 4
206 607 4
206 608 3
206 610 4
206 611 3
206 612 4
206 624 4
206 632 3
206 633 4
206 634 2
206 638 4
206 639 4
206 640 2
206 641 3
206 642 3
206 645 4
206 647 4
206 651 3
206 652 4
206 655 3
206 662 4
206 663 4
206 664 4
206 665 3
206 672 2
206 675 3
206 692 3
206 693 3
206 699 3
206 701 3
206 705 4
206 712 4
206 713 3
206 715 3
206 727 4
206 732 3
206 735 4
206 737 4
206 745 3
206 746 4
206 747 3
206 756 4
206 772 3
206 787 3
206 813 3
206 823 2
206 825 4
206 826 4
206 831 4
206 845 3
206 919 3
206 921 3
206 923 4
206 942 3
206 960 4
206 962 4
207 1 4
207 2 4
207 4 4
207 8 4
207 25 4
207 28 4
207 29 4
207 40 4
207 45 4
207 50 4
207 56 4
207 62 4
207 68 4
207 69 4
207 70 4
207 82 4
207 88 4
207 89 4
207 91 4
207 96 4
207 97 4
207 98 4
207 99 4
207 100 4
207 117 4
207 118 4
207 123 4
207 127 4
207 132 4
207 135 4
207 143 4
207 144 4
207 147 4
207 157 4
207 158 4
207 159 4
207 161 4
207 163 4
207 172 4
207 173 4
207 174 4
207 177 4
207 179 4
207 180 4
207 181 4
207 182 4
207 183 4
207 185 4
207 186 4
207 188 4
207 193 4
207 194 4
207 196 4
207 197 4
207 200 4
207 201 4
207 202 4
207 203 4
207 205 4
207 208 4
207 209 4
207 211 4
207 214 4
207 215 4
207 216 4
207 217 4
207 218 4
207 222 4
207 223 4
207 226 4
207 227 4
207 228 4
207 229 4
207 230 4
207 231 4
207 232 4
207 235 4
207 238 4
207 239 4
207 244 4
207 248 4
207 249 4
207 250 4
207 255 4
207 257 4
207 265 4
207 269 4
207 274 4
207 286 4
207 289 4
207 290 4
207 291 4
207 313 4
207 316 4
207 345 4
207 357 4
207 371 4
207 382 4
207 385 4
207 393 4
207 399 4
207 400 4
207 405 4
207 416 4
207 418 4
207 423 4
207 427 4
207 428 4
207 432 4
207 433 4
207 436 4
207 447 4
207 448 4
207 449 4
207 455 4
207 466 4
207 476 4
207 478 4
207 479 4
207 483 4
207 484 4
207 493 4
207 496 4
207 502 4
207 508 4
207 510 4
207 514 4
207 519 4
207 521 4
207 525 4
207 559 4
207 561 4
207 565 4
207 588 4
207 603 4
207 616 4
207 629 4
207 635 4
207 642 4
207 648 4
207 656 4
207 657 4
207 660 4
207 675 4
207 684 4
207 705 4
207 710 4
207 712 4
207 715 4
207 729 4
207 732 4
207 746 4
207 755 4
207 756 4
207 785 4
207 844 4
207 859 4
207 869 4
207 879 4
207 949 4
207 969 4
207 972 4
207 993 4
208 270 4
208 271 4
208 286 4
208 294 4
208 300 4
208 313 4
208 315 4
208 319 4
208 328 5
208 347 4
208 358 4
208 539 4
208 683 4
208 689 4
208 748 4
209 6 4
209 8 4
209 9 4
209 12 4
209 14 4
209 22 4
209 23 4
209 28 4
209 30 4
209 48 4
209 50 4
209 58 4
209 59 4
209 60 5
209 65 3
209 87 4
209 97 4
209 98 4
209 99 4
209 100 4
209 133 4
209 135 4
209 153 4
209 154 4
209 156 4
209 162 4
209 166 4
209 168 4
209 170 4
209 172 4
209 173 4
209 174 4
209 175 4
209 179 5
209 181 5
209 186 4
209 191 4
209 192 4
209 195 4
209 197 4
209 199 4
209 200 4
209 201 4
209 202 4
209 203 4
209 204 4
209 205 4
209 207 5
209 209 4
209 210 4
209 213 4
209 214 4
209 216 4
209 223 4
209 264 4
209 266 4
209 270 5
209 275 4
209 276 4
209 283 4
209 285 4
209 286 4
209 288 5
209 300 4
209 303 5
209 318 4
209 321 4
209 322 4
209 325 4
209 327 4
209 339 5
209 343 4
209 357 4
209 367 4
209 381 4
209 382 4
209 404 4
209 427 4
209 428 4
209 429 4
209 430 4
209 433 4
209 435 4
209 461 5
209 478 4
209 479 4
209 480 4
209 481 4
209 482 4
209 483 4
209 485 5
209 486 4
209 489 4
209 491 4
209 493 4
209 496 4
209 497 5
209 498 4
209 504 4
209 505 5
209 514 4
209 516 4
209 518 4
209 520 4
209 523 4
209 526 4
209 527 4
209 528 4
209 530 4
209 604 5
209 606 4
209 607 4
209 608 4
209 609 4
209 615 5
209 618 4
209 631 4
209 633 4
209 647 4
209 654 4
209 659 5
209 661 4
209 664 5
209 676 4
209 680 5
209 684 5
209 708 4
209 709 4
209 714 4
209 733 4
209 749 4
209 855 4
209 877 5
209 879 4
209 937 4
209 945 5
209 965 4
209 995 5
210 258 2
210 269 2
210 286 2
210 289 2
210 300 2
210 311 2
210 312 1
210 313 2
210 315 2
210 316 2
210 323 2
210 328 2
210 340 2
210 354 2
210 690 2
210 754 2
210 873 2
210 898 2
210 905 1
211 1 3
211 4 4
211 9 3
211 22 4
211 38 4
211 56 4
211 73 4
211 88 3
211 117 3
211 161 4
211 168 3
211 172 4
211 181 4
211 186 4
211 195 4
211 196 3
211 208 4
211 209 3
211 210 4
211 222 3
211 227 4
211 228 4
211 229 3
211 230 3
211 258 3
211 265 3
211 276 4
211 318 3
211 405 4
211 435 3
211 449 4
211 451 4
211 485 4
211 527 4
211 566 4
211 568 4
211 651 4
211 655 3
211 709 4
211 720 4
211 732 4
211 770 4
212 4 4
212 7 4
212 23 4
212 24 4
212 28 4
212 56 4
212 64 4
212 70 4
212 81 4
212 92 4
212 96 4
212 150 3
212 154 4
212 172 4
212 173 4
212 175 4
212 182 4
212 186 4
212 193 4
212 206 4
212 211 4
212 218 4
212 276 4
212 288 4
212 318 4
212 340 3
212 408 4
212 427 4
212 436 4
212 480 4
212 487 4
212 508 3
212 526 4
212 634 4
212 651 3
212 684 4
212 724 4
213 7 4
213 9 3
213 15 4
213 50 3
213 124 4
213 181 3
213 222 3
213 236 3
213 245 4
213 255 4
213 257 4
213 258 4
213 260 4
213 269 3
213 271 4
213 275 3
213 286 3
213 297 3
213 300 4
213 301 4
213 302 4
213 303 4
213 306 4
213 326 4
213 328 4
213 332 4
213 471 4
213 508 4
213 628 4
213 690 4
213 877 4
213 936 5
214 100 4
214 258 4
214 260 4
214 294 4
214 300 4
214 301 4
214 302 4
214 325 4
214 340 5
214 343 4
214 678 4
214 748 5
215 56 3
215 185 5
215 195 4
215 243 4
215 269 4
215 322 4
215 323 4
215 328 5
215 432 4
215 531 4
215 748 5
215 754 4
216 1 4
216 2 4
216 7 4
216 8 4
216 9 4
216 10 5
216 11 4
216 12 4
216 13 4
216 14 4
216 21 5
216 22 4
216 24 4
216 25 5
216 27 4
216 28 4
216 29 4
216 31 4
216 32 4
216 36 4
216 38 4
216 41 5
216 42 4
216 43 5
216 44 4
216 49 5
216 50 4
216 51 4
216 53 5
216 54 4
216 55 5
216 56 4
216 58 5
216 64 4
216 65 5
216 66 4
216 67 5
216 69 4
216 70 4
216 71 4
216 73 4
216 77 4
216 81 5
216 82 4
216 83 4
216 85 4
216 86 5
216 87 4
216 88 5
216 90 4
216 92 4
216 93 4
216 94 4
216 97 4
216 98 4
216 99 5
216 105 4
216 106 4
216 107 5
216 117 4
216 121 4
216 123 4
216 125 5
216 126 4
216 127 4
216 132 4
216 133 5
216 134 4
216 136 5
216 137 4
216 140 4
216 142 5
216 143 4
216 144 4
216 148 4
216 154 4
216 155 5
216 156 4
216 157 4
216 158 5
216 159 4
216 161 4
216 168 4
216 172 4
216 174 4
216 176 4
216 178 5
216 181 4
216 182 4
216 183 4
216 185 4
216 187 4
216 191 4
216 194 4
216 195 4
216 196 4
216 197 5
216 199 4
216 200 4
216 202 4
216 203 4
216 204 4
216 209 4
216 210 4
216 211 4
216 213 5
216 215 4
216 216 5
216 217 5
216 219 4
216 220 4
216 225 5
216 226 4
216 230 4
216 234 4
216 237 4
216 238 4
216 239 4
216 240 4
216 241 4
216 242 4
216 245 5
216 246 4
216 248 5
216 249 4
216 250 5
216 251 4
216 252 5
216 253 4
216 254 4
216 257 4
216 258 4
216 259 5
216 264 5
216 266 4
216 268 4
216 272 4
216 274 4
216 275 4
216 276 5
216 277 4
216 281 4
216 283 4
216 284 4
216 285 3
216 286 4
216 287 5
216 288 4
216 289 4
216 294 4
216 295 5
216 297 4
216 298 5
216 301 4
216 304 4
216 307 5
216 312 5
216 313 4
216 315 4
216 316 4
216 317 4
216 318 4
216 319 4
216 322 5
216 323 4
216 326 3
216 327 4
216 328 4
216 329 4
216 331 4
216 332 4
216 333 4
216 338 3
216 339 5
216 346 4
216 347 4
216 348 5
216 354 4
216 356 4
216 357 4
216 364 4
216 366 5
216 367 4
216 369 4
216 375 4
216 378 4
216 385 4
216 388 4
216 393 4
216 395 5
216 396 4
216 399 4
216 401 4
216 402 4
216 403 4
216 404 5
216 405 4
216 411 4
216 412 4
216 417 5
216 418 4
216 419 4
216 423 4
216 425 4
216 427 5
216 431 4
216 432 4
216 433 5
216 443 4
216 448 4
216 451 5
216 452 4
216 462 4
216 463 5
216 468 5
216 469 4
216 471 4
216 472 4
216 473 4
216 475 4
216 476 4
216 479 5
216 480 4
216 496 4
216 498 5
216 500 4
216 501 4
216 506 4
216 509 5
216 515 4
216 526 5
216 531 4
216 532 4
216 538 4
216 546 4
216 549 4
216 553 4
216 554 5
216 559 4
216 560 4
216 564 4
216 568 5
216 576 5
216 578 5
216 585 5
216 588 4
216 591 4
216 592 4
216 607 4
216 614 5
216 619 3
216 625 4
216 627 4
216 628 5
216 633 5
216 651 4
216 652 4
216 657 5
216 658 4
216 660 5
216 662 5
216 676 3
216 678 4
216 682 5
216 684 4
216 685 5
216 686 4
216 689 4
216 690 4
216 693 5
216 696 4
216 699 5
216 707 4
216 708 4
216 710 3
216 712 5
216 713 5
216 717 4
216 720 4
216 721 5
216 723 5
216 724 5
216 729 4
216 734 5
216 735 4
216 737 5
216 738 5
216 739 4
216 746 5
216 747 5
216 748 4
216 750 4
216 754 4
216 755 4
216 761 4
216 762 4
216 768 4
216 770 5
216 775 4
216 778 3
216 781 4
216 783 5
216 785 5
216 790 4
216 792 5
216 794 4
216 795 5
216 803 4
216 807 4
216 812 4
216 815 4
216 819 4
216 821 5
216 824 5
216 827 4
216 833 4
216 834 4
216 840 4
216 842 4
216 843 4
216 845 4
216 849 5
216 864 5
216 866 4
216 873 5
216 874 4
216 879 4
216 895 5
216 915 4
216 916 4
216 917 4
216 918 4
216 928 4
216 929 4
216 931 4
216 934 5
216 936 4
216 937 4
216 938 4
216 941 4
216 955 5
216 959 4
216 966 5
216 972 4
216 975 4
216 980 4
216 985 4
216 990 4
216 997 5
217 1 3
217 3 3
217 5 3
217 7 4
217 11 3
217 12 4
217 13 3
217 15 3
217 16 3
217 17 3
217 20 4
217 23 3
217 27 3
217 29 4
217 32 3
217 39 4
217 42 3
217 44 3
217 47 4
217 50 4
217 51 4
217 55 3
217 56 4
217 58 3
217 62 4
217 63 3
217 64 3
217 65 3
217 67 3
217 68 3
217 69 4
217 70 3
217 72 4
217 73 4
217 77 3
217 78 3
217 79 4
217 80 3
217 81 3
217 82 3
217 83 3
217 89 3
217 91 4
217 95 3
217 96 4
217 97 3
217 98 4
217 99 4
217 100 4
217 101 3
217 106 3
217 109 3
217 118 4
217 120 4
217 122 3
217 123 4
217 125 3
217 127 3
217 131 3
217 132 4
217 135 3
217 139 3
217 142 3
217 144 3
217 145 3
217 147 3
217 154 4
217 157 4
217 159 3
217 162 3
217 164 3
217 167 4
217 168 3
217 169 3
217 171 3
217 172 3
217 173 3
217 174 4
217 176 4
217 178 4
217 179 3
217 181 4
217 182 3
217 183 3
217 184 4
217 186 3
217 190 3
217 195 4
217 196 3
217 198 4
217 200 4
217 201 4
217 202 3
217 206 3
217 207 3
217 208 3
217 214 3
217 216 4
217 217 3
217 218 3
217 219 3
217 222 4
217 223 3
217 226 3
217 228 3
217 232 4
217 234 4
217 235 4
217 242 4
217 245 3
217 246 3
217 248 3
217 250 3
217 252 3
217 255 3
217 257 3
217 258 4
217 260 3
217 264 4
217 265 3
217 270 4
217 273 3
217 286 4
217 288 4
217 290 3
217 293 4
217 294 4
217 298 3
217 323 3
217 324 3
217 325 3
217 326 3
217 340 3
217 357 3
217 358 3
217 364 3
217 367 3
217 373 3
217 380 3
217 382 3
217 385 3
217 386 3
217 388 4
217 391 4
217 392 3
217 393 4
217 395 3
217 396 3
217 399 3
217 402 4
217 403 4
217 404 4
217 413 3
217 419 3
217 420 3
217 421 3
217 422 3
217 423 4
217 425 3
217 428 4
217 431 3
217 433 3
217 436 3
217 441 3
217 444 3
217 447 3
217 449 3
217 451 3
217 452 3
217 461 4
217 465 3
217 472 4
217 474 3
217 475 3
217 483 4
217 484 3
217 485 3
217 498 3
217 501 4
217 508 3
217 513 4
217 518 3
217 541 4
217 544 3
217 545 3
217 546 3
217 551 3
217 552 3
217 555 3
217 559 4
217 561 3
217 562 3
217 563 3
217 574 3
217 578 3
217 579 4
217 582 4
217 596 4
217 597 4
217 614 4
217 616 4
217 625 3
217 628 3
217 631 4
217 636 4
217 638 4
217 640 3
217 642 3
217 655 4
217 658 3
217 665 3
217 668 4
217 669 3
217 674 4
217 679 3
217 684 3
217 685 3
217 692 4
217 708 3
217 709 4
217 710 3
217 715 3
217 723 3
217 725 3
217 727 3
217 728 3
217 732 4
217 742 3
217 746 3
217 747 3
217 748 3
217 758 3
217 762 3
217 764 3
217 765 3
217 767 3
217 769 3
217 774 3
217 778 4
217 781 3
217 783 4
217 792 3
217 796 3
217 797 3
217 800 3
217 804 3
217 809 3
217 810 3
217 815 3
217 825 3
217 827 3
217 831 3
217 849 3
217 855 3
217 871 3
217 895 3
217 923 3
217 928 3
217 940 3
217 943 3
217 944 3
217 946 3
217 963 3
217 979 3
217 999 4
217 1000 4
218 258 3
218 269 2
218 288 2
218 301 3
218 302 2
218 313 3
218 327 3
218 328 3
218 331 3
218 362 4
218 750 4
218 895 2
218 899 3
219 50 5
219 79 5
219 89 5
219 100 5
219 173 5
219 181 5
219 223 5
219 257 5
219 275 5
219 286 5
219 405 5
219 478 5
219 488 5
219 615 5
219 617 5
219 705 5
220 19 4
220 86 4
220 100 4
220 116 3
220 137 4
220 251 3
220 275 4
220 283 3
220 302 4
220 319 4
220 331 3
220 408 3
220 475 4
220 478 3
220 508 4
220 513 4
220 603 4
220 750 4
220 753 4
221 4 4
221 7 5
221 11 4
221 12 4
221 50 4
221 56 4
221 82 4
221 87 4
221 89 4
221 96 4
221 100 5
221 117 4
221 124 4
221 127 5
221 129 4
221 144 5
221 156 5
221 164 4
221 172 4
221 174 5
221 175 4
221 176 5
221 182 4
221 183 4
221 185 4
221 194 5
221 200 4
221 213 4
221 218 5
221 219 4
221 238 4
221 302 4
221 333 4
221 443 5
221 448 4
221 466 5
221 516 4
221 517 5
221 653 5
221 657 5
221 672 4
221 709 4
221 879 5
221 914 4
221 915 4
222 1 3
222 15 3
222 50 3
222 53 3
222 98 3
222 100 3
222 109 3
222 117 3
222 124 3
222 126 3
222 127 2
222 129 3
222 137 3
222 151 3
222 181 3
222 184 3
222 200 4
222 201 3
222 217 3
222 219 4
222 222 3
222 235 3
222 250 3
222 257 3
222 258 4
222 260 3
222 270 3
222 273 4
222 276 3
222 286 3
222 287 3
222 288 3
222 293 4
222 294 4
222 299 2
222 307 4
222 324 2
222 326 3
222 327 3
222 334 3
222 370 2
222 379 3
222 396 3
222 410 3
222 436 3
222 447 3
222 448 3
222 452 2
222 458 3
222 475 3
222 477 3
222 515 3
222 551 4
222 558 2
222 559 3
222 561 3
222 590 3
222 665 4
222 670 3
222 671 3
222 672 3
222 682 4
222 742 4
222 760 2
222 854 3
222 867 3
222 919 3
222 922 5
222 926 3
223 9 4
223 15 3
223 127 3
223 148 4
223 237 4
223 245 3
223 258 3
223 269 3
223 272 3
223 276 3
223 282 3
223 286 3
223 299 3
223 300 3
223 304 3
223 307 3
223 310 3
223 313 3
223 315 3
223 322 3
223 323 4
223 326 3
223 327 3
223 328 3
223 329 4
223 333 3
223 340 4
223 344 4
223 347 3
223 355 4
223 471 4
223 546 4
223 591 4
223 628 3
223 678 4
223 689 3
223 696 4
223 744 4
223 748 4
223 750 3
223 754 4
223 823 4
223 879 3
223 898 4
223 924 4
223 977 4
224 1 4
224 14 5
224 15 3
224 25 4
224 50 5
224 100 5
224 115 4
224 127 5
224 151 4
224 172 5
224 243 4
224 261 5
224 275 5
224 288 4
224 289 4
224 310 4
224 323 3
224 333 4
224 427 5
224 508 4
224 538 4
224 681 5
224 683 4
224 689 3
224 882 4
225 1 2
225 2 2
225 7 2
225 17 3
225 22 3
225 24 2
225 32 2
225 38 3
225 39 2
225 53 3
225 55 2
225 62 3
225 68 2
225 79 3
225 82 3
225 83 3
225 98 2
225 100 2
225 117 3
225 118 3
225 121 3
225 124 2
225 127 2
225 144 2
225 147 2
225 156 3
225 168 2
225 171 3
225 172 3
225 174 3
225 176 3
225 177 3
225 178 2
225 180 3
225 183 2
225 185 2
225 187 3
225 188 2
225 191 2
225 195 3
225 198 3
225 200 2
225 201 2
225 204 2
225 207 3
225 209 3
225 210 3
225 218 2
225 222 3
225 227 3
225 229 3
225 230 3
225 231 3
225 232 3
225 234 3
225 241 3
225 244 2
225 250 2
225 252 3
225 257 3
225 259 3
225 271 3
225 272 2
225 273 3
225 281 3
225 286 3
225 288 3
225 298 3
225 302 3
225 305 2
225 307 3
225 310 3
225 313 3
225 316 2
225 318 3
225 322 2
225 323 2
225 324 3
225 325 2
225 327 2
225 333 2
225 338 2
225 340 2
225 343 3
225 346 3
225 355 3
225 357 2
225 358 3
225 362 5
225 363 2
225 379 3
225 385 3
225 398 4
225 424 3
225 429 3
225 445 3
225 447 3
225 448 2
225 452 2
225 474 2
225 475 2
225 491 3
225 515 3
225 520 2
225 522 4
225 529 2
225 538 3
225 540 3
225 550 2
225 562 3
225 566 2
225 568 2
225 573 3
225 576 3
225 583 3
225 590 4
225 597 3
225 636 2
225 669 2
225 670 3
225 675 2
225 678 3
225 679 2
225 686 2
225 690 2
225 748 2
225 750 3
225 751 2
225 759 5
225 823 2
225 825 2
225 831 3
225 841 4
225 853 2
225 877 3
225 879 3
225 895 2
225 912 3
225 943 5
225 976 1
226 23 4
226 50 4
226 98 4
226 99 4
226 133 4
226 134 4
226 135 4
226 168 4
226 174 4
226 178 4
226 182 4
226 185 4
226 191 4
226 196 4
226 197 4
226 199 4
226 200 4
226 204 4
226 208 4
226 211 4
226 318 4
226 418 4
226 427 4
226 428 4
226 430 4
226 432 4
226 435 4
226 474 3
226 478 4
226 480 4
226 483 4
226 486 4
226 488 4
226 490 4
226 491 4
226 492 4
226 493 3
226 494 4
226 504 4
226 505 4
226 510 4
226 511 4
226 524 4
226 525 4
226 526 4
226 601 4
226 603 4
226 605 4
226 606 4
226 607 4
226 608 4
226 610 4
226 613 4
226 614 3
226 616 4
226 631 4
226 633 4
226 646 4
226 648 4
226 651 4
226 653 4
226 654 4
226 655 4
226 657 3
226 673 4
226 705 4
226 754 4
226 835 4
226 836 4
226 848 4
227 245 5
227 258 5
227 263 4
227 286 5
227 292 4
227 300 5
227 302 5
227 303 5
227 304 5
227 319 5
227 332 5
227 341 4
227 359 5
227 680 4
227 681 4
227 682 4
227 688 5
227 874 4
228 243 4
228 259 4
228 268 3
228 271 3
228 272 3
228 286 3
228 289 3
228 294 4
228 300 4
228 301 3
228 305 3
228 307 4
228 312 4
228 313 4
228 322 3
228 323 4
228 326 4
228 329 3
228 332 4
228 334 3
228 338 4
228 344 3
228 350 4
228 538 4
228 690 3
228 750 4
228 875 4
228 877 4
228 879 3
228 886 4
228 896 3
228 908 4
228 988 4
229 1 3
229 2 4
229 3 3
229 4 3
229 7 3
229 8 3
229 12 3
229 15 3
229 21 3
229 22 3
229 23 3
229 24 2
229 26 3
229 28 3
229 31 3
229 32 3
229 45 3
229 47 3
229 48 3
229 50 3
229 52 3
229 53 3
229 55 3
229 56 3
229 58 3
229 62 3
229 63 3
229 64 3
229 66 3
229 68 3
229 69 3
229 70 3
229 72 3
229 73 3
229 77 4
229 79 3
229 81 4
229 82 3
229 83 3
229 85 3
229 86 3
229 87 3
229 88 3
229 89 3
229 90 3
229 91 3
229 92 3
229 93 4
229 95 3
229 96 3
229 97 3
229 101 3
229 109 3
229 114 3
229 117 3
229 118 3
229 123 4
229 124 3
229 127 3
229 128 3
229 132 3
229 133 3
229 134 3
229 137 3
229 140 3
229 141 4
229 143 3
229 144 3
229 150 3
229 151 3
229 153 3
229 154 3
229 157 3
229 159 3
229 161 3
229 162 3
229 163 3
229 164 3
229 165 3
229 166 3
229 168 3
229 170 3
229 172 3
229 174 3
229 178 3
229 179 3
229 181 3
229 183 3
229 184 3
229 185 3
229 186 3
229 188 3
229 190 3
229 191 3
229 193 3
229 195 3
229 197 3
229 201 3
229 202 3
229 203 3
229 207 4
229 208 3
229 209 3
229 210 3
229 211 3
229 214 3
229 216 3
229 218 3
229 219 2
229 223 3
229 225 3
229 229 3
229 232 3
229 233 3
229 237 3
229 238 3
229 248 3
229 249 3
229 250 3
229 258 3
229 264 3
229 265 3
229 273 3
229 274 3
229 275 3
229 276 3
229 277 3
229 280 3
229 281 3
229 282 3
229 283 3
229 288 3
229 290 3
229 291 3
229 298 3
229 301 3
229 318 3
229 319 3
229 321 3
229 340 3
229 356 3
229 365 3
229 366 3
229 367 3
229 371 3
229 378 3
229 385 3
229 387 3
229 392 3
229 393 3
229 403 3
229 404 3
229 405 3
229 410 3
229 411 3
229 415 3
229 418 3
229 419 3
229 423 3
229 427 3
229 428 3
229 431 3
229 432 3
229 433 3
229 435 3
229 436 3
229 441 4
229 448 3
229 455 3
229 457 4
229 464 3
229 466 3
229 467 3
229 468 3
229 470 3
229 473 3
229 475 4
229 480 3
229 481 3
229 482 3
229 483 3
229 484 3
229 485 3
229 491 3
229 493 3
229 495 4
229 496 3
229 499 4
229 500 3
229 502 3
229 504 3
229 505 3
229 508 3
229 511 3
229 514 3
229 520 3
229 527 3
229 531 3
229 535 3
229 537 3
229 546 3
229 549 3
229 550 3
229 566 3
229 568 3
229 569 3
229 570 3
229 578 3
229 581 3
229 584 3
229 591 3
229 602 3
229 603 3
229 611 3
229 625 3
229 627 3
229 628 3
229 629 4
229 631 3
229 633 3
229 635 3
229 636 3
229 640 3
229 642 3
229 652 3
229 654 3
229 655 3
229 658 3
229 662 3
229 665 3
229 671 4
229 672 3
229 673 4
229 679 3
229 684 3
229 692 3
229 693 3
229 700 3
229 702 4
229 705 3
229 708 3
229 709 3
229 710 3
229 726 3
229 729 3
229 732 3
229 735 3
229 742 3
229 744 3
229 747 3
229 755 3
229 756 4
229 761 3
229 762 3
229 763 3
229 768 2
229 780 3
229 794 3
229 804 3
229 805 3
229 806 3
229 820 3
229 826 3
229 833 3
229 845 3
229 847 3
229 921 3
229 928 3
229 941 3
229 944 3
229 961 3
229 967 3
229 972 3
230 9 4
230 10 3
230 12 3
230 19 3
230 42 3
230 50 3
230 56 3
230 98 3
230 100 3
230 101 3
230 117 4
230 129 4
230 137 3
230 152 3
230 164 3
230 165 4
230 181 3
230 221 3
230 222 4
230 234 3
230 237 4
230 248 3
230 253 5
230 258 4
230 264 4
230 273 4
230 276 3
230 286 3
230 288 4
230 293 4
230 294 4
230 300 3
230 302 3
230 318 3
230 328 3
230 436 2
230 514 3
230 515 3
230 527 4
230 528 4
230 547 4
230 628 3
230 674 4
231 286 3
231 307 3
231 322 3
231 323 3
231 327 4
231 358 3
231 538 4
231 690 3
231 748 3
231 879 3
231 988 4
232 1 3
232 7 4
232 24 4
232 50 3
232 93 3
232 100 3
232 108 3
232 109 3
232 111 5
232 117 3
232 118 3
232 121 4
232 123 3
232 151 4
232 181 3
232 222 3
232 246 3
232 248 3
232 249 4
232 250 3
232 257 3
232 258 3
232 274 3
232 276 3
232 284 3
232 294 3
232 295 3
232 300 3
232 315 2
232 322 3
232 405 4
232 410 3
232 411 3
232 471 4
232 508 3
232 546 4
232 620 5
232 628 3
232 678 4
232 742 4
232 763 4
232 815 3
232 844 4
232 845 3
233 59 4
233 60 4
233 95 3
233 173 2
233 174 3
233 194 3
233 246 3
233 268 3
233 269 4
233 273 3
233 276 3
233 293 2
233 302 3
233 303 4
233 322 4
233 323 4
233 326 3
233 333 4
233 340 3
233 435 3
233 474 4
233 507 5
233 657 4
233 682 4
233 690 3
233 748 4
233 754 3
233 919 3
234 9 3
234 111 3
234 121 3
234 125 2
234 147 4
234 148 3
234 151 5
234 225 4
234 274 3
234 275 4
234 283 4
234 287 4
234 288 4
234 347 4
234 369 4
234 406 2
234 471 2
234 476 5
234 546 3
234 628 3
234 756 3
234 763 3
234 815 4
234 819 5
234 833 3
234 844 4
234 928 3
234 975 5
235 1 3
235 3 3
235 4 4
235 5 3
235 7 4
235 9 3
235 11 4
235 12 4
235 15 3
235 21 3
235 22 4
235 23 4
235 24 3
235 25 4
235 27 3
235 28 3
235 31 4
235 38 3
235 40 4
235 42 4
235 45 3
235 49 3
235 50 4
235 52 3
235 54 3
235 62 3
235 63 3
235 64 3
235 67 3
235 68 3
235 69 3
235 71 3
235 72 3
235 73 3
235 80 4
235 82 3
235 83 3
235 85 3
235 86 3
235 89 4
235 95 3
235 96 4
235 100 4
235 105 4
235 108 4
235 109 3
235 111 3
235 115 3
235 117 3
235 118 3
235 121 3
235 122 3
235 123 3
235 125 3
235 128 3
235 132 3
235 135 3
235 136 4
235 141 3
235 148 3
235 151 3
235 152 3
235 153 3
235 154 3
235 156 3
235 157 3
235 159 4
235 160 3
235 161 4
235 162 3
235 163 3
235 164 3
235 167 3
235 168 3
235 171 3
235 172 3
235 173 3
235 174 3
235 175 3
235 176 3
235 182 3
235 183 3
235 184 4
235 185 4
235 186 3
235 187 3
235 188 3
235 190 3
235 191 3
235 195 3
235 196 3
235 199 3
235 200 3
235 204 3
235 206 4
235 211 4
235 214 3
235 215 3
235 216 3
235 217 3
235 218 3
235 219 4
235 222 3
235 225 4
235 226 3
235 227 3
235 228 3
235 229 3
235 230 3
235 234 3
235 239 3
235 240 3
235 245 3
235 246 3
235 250 3
235 252 4
235 254 4
235 255 3
235 257 3
235 258 3
235 260 3
235 264 3
235 273 4
235 284 3
235 290 3
235 291 3
235 294 3
235 299 4
235 300 3
235 307 3
235 313 3
235 317 3
235 318 3
235 321 3
235 327 3
235 331 3
235 338 3
235 343 3
235 351 3
235 354 3
235 357 3
235 358 3
235 367 3
235 369 4
235 376 4
235 380 4
235 381 3
235 382 3
235 384 3
235 385 4
235 386 3
235 392 4
235 393 3
235 394 2
235 399 4
235 402 3
235 403 3
235 404 3
235 410 4
235 411 3
235 413 3
235 423 3
235 424 3
235 431 4
235 433 3
235 434 3
235 435 3
235 436 4
235 443 3
235 447 3
235 448 4
235 451 3
235 455 3
235 462 4
235 465 3
235 470 3
235 473 3
235 474 3
235 476 3
235 520 3
235 541 4
235 542 4
235 546 3
235 550 4
235 554 3
235 561 3
235 566 3
235 567 3
235 568 3
235 569 3
235 571 3
235 572 3
235 573 3
235 576 3
235 577 3
235 578 3
235 584 3
235 587 2
235 588 3
235 597 3
235 616 3
235 625 3
235 628 3
235 631 4
235 637 3
235 640 3
235 649 3
235 652 4
235 655 3
235 659 3
235 665 3
235 672 4
235 673 3
235 675 3
235 679 2
235 684 4
235 693 3
235 696 3
235 697 4
235 710 3
235 713 4
235 715 4
235 717 4
235 720 4
235 729 3
235 732 3
235 743 3
235 746 4
235 748 3
235 751 3
235 752 3
235 756 4
235 760 3
235 762 3
235 780 3
235 781 4
235 786 3
235 790 3
235 792 4
235 797 4
235 800 3
235 820 4
235 821 3
235 825 3
235 826 2
235 831 2
235 834 3
235 841 3
235 845 4
235 862 4
235 885 3
235 890 3
235 895 4
235 924 2
235 926 4
235 928 3
235 929 3
235 943 3
235 944 3
235 961 4
235 977 2
235 983 3
236 21 4
236 23 4
236 26 5
236 38 4
236 39 4
236 43 3
236 47 4
236 65 4
236 66 4
236 72 4
236 73 4
236 83 4
236 90 4
236 92 4
236 95 4
236 96 4
236 98 4
236 102 5
236 111 4
236 125 5
236 132 4
236 133 4
236 157 3
236 159 4
236 161 4
236 168 4
236 172 4
236 174 4
236 179 4
236 186 4
236 200 4
236 204 4
236 215 4
236 216 4
236 217 4
236 218 4
236 219 4
236 226 4
236 238 4
236 265 3
236 276 4
236 287 4
236 288 4
236 313 4
236 325 5
236 327 4
236 340 4
236 347 4
236 367 4
236 381 4
236 392 4
236 400 3
236 411 4
236 433 4
236 447 4
236 454 5
236 503 4
236 504 4
236 506 4
236 537 4
236 546 4
236 553 4
236 559 4
236 568 4
236 581 4
236 585 3
236 595 4
236 628 5
236 642 4
236 649 5
236 655 4
236 658 4
236 660 4
236 708 4
236 710 4
236 715 4
236 721 4
236 723 5
236 739 4
236 742 4
236 746 4
236 748 4
236 761 3
236 762 4
236 785 4
236 787 3
236 790 4
236 794 3
236 821 5
236 845 4
236 895 4
236 974 5
237 5 3
237 11 3
237 12 3
237 14 2
237 28 3
237 30 3
237 42 3
237 47 3
237 50 3
237 56 3
237 58 3
237 65 3
237 69 3
237 70 4
237 77 4
237 79 3
237 82 4
237 83 3
237 86 4
237 87 3
237 88 3
237 89 3
237 90 4
237 91 3
237 95 4
237 97 3
237 98 3
237 99 3
237 111 3
237 116 5
237 118 4
237 124 4
237 131 3
237 132 3
237 133 3
237 134 3
237 137 4
237 143 4
237 144 3
237 145 3
237 151 4
237 154 4
237 155 4
237 161 3
237 162 3
237 166 3
237 168 3
237 170 4
237 173 3
237 174 3
237 176 3
237 179 3
237 180 3
237 181 3
237 183 3
237 185 2
237 186 3
237 190 3
237 191 3
237 195 3
237 197 3
237 204 3
237 207 2
237 208 3
237 211 3
237 212 3
237 213 3
237 214 3
237 216 2
237 217 4
237 218 3
237 219 3
237 229 4
237 234 3
237 237 4
237 238 3
237 239 3
237 244 3
237 253 3
237 254 3
237 265 3
237 275 3
237 276 4
237 281 4
237 283 3
237 286 3
237 287 2
237 288 3
237 292 3
237 301 4
237 318 3
237 378 2
237 381 5
237 393 4
237 402 3
237 404 4
237 412 5
237 415 3
237 418 4
237 419 3
237 421 3
237 423 3
237 428 3
237 432 4
237 433 3
237 435 3
237 436 4
237 447 3
237 450 3
237 451 4
237 463 3
237 466 3
237 473 3
237 478 3
237 480 3
237 482 3
237 483 3
237 484 3
237 485 3
237 496 3
237 497 2
237 499 3
237 501 3
237 507 3
237 512 3
237 514 3
237 517 2
237 518 3
237 521 2
237 523 3
237 559 4
237 566 2
237 581 3
237 582 4
237 583 3
237 584 2
237 588 3
237 603 3
237 607 5
237 614 1
237 629 3
237 640 2
237 642 3
237 651 4
237 652 4
237 654 3
237 655 4
237 657 4
237 660 3
237 663 3
237 665 4
237 672 1
237 674 3
237 683 5
237 684 3
237 692 3
237 696 4
237 697 3
237 698 3
237 699 3
237 702 4
237 705 3
237 707 4
237 708 3
237 709 3
237 710 3
237 727 3
237 730 3
237 732 4
237 736 3
237 737 3
237 739 4
237 746 3
237 747 4
237 748 3
237 753 3
237 755 3
237 770 3
237 778 3
237 781 3
237 794 3
237 812 1
237 842 3
237 843 3
237 946 1
237 955 3
237 969 3
238 15 4
238 21 4
238 100 4
238 118 4
238 121 4
238 181 4
238 220 4
238 237 4
238 245 4
238 255 4
238 269 4
238 280 4
238 286 4
238 321 4
238 471 4
238 476 4
238 815 4
238 866 4
239 7 3
239 13 3
239 14 3
239 100 3
239 121 3
239 147 3
239 237 4
239 240 4
239 242 3
239 246 3
239 257 3
239 273 3
239 276 3
239 282 3
239 285 3
239 288 4
239 301 4
239 405 4
239 475 3
239 591 3
239 895 3
240 70 3
240 171 4
240 198 3
240 242 3
240 243 3
240 271 3
240 272 3
240 283 4
240 300 3
240 310 2
240 312 2
240 313 3
240 328 3
240 329 3
240 340 3
240 350 2
240 512 3
240 515 2
240 582 3
240 690 2
240 736 3
240 749 1
240 750 2
240 751 4
240 886 3
240 904 2
240 921 2
240 937 1
241 1 4
241 7 4
241 9 4
241 15 4
241 25 4
241 121 4
241 259 4
241 288 4
241 294 4
241 683 4
242 7 2
242 11 3
242 12 3
242 14 2
242 17 2
242 22 2
242 26 2
242 27 2
242 29 2
242 31 2
242 33 3
242 38 2
242 39 2
242 41 2
242 42 2
242 44 2
242 53 2
242 54 2
242 55 2
242 56 3
242 62 2
242 64 2
242 67 2
242 68 3
242 79 2
242 82 2
242 98 2
242 100 2
242 117 2
242 129 3
242 144 2
242 150 3
242 154 2
242 156 2
242 159 2
242 161 2
242 168 2
242 174 2
242 176 2
242 177 3
242 182 2
242 184 2
242 186 2
242 195 2
242 203 2
242 204 2
242 209 2
242 210 2
242 219 2
242 226 2
242 228 2
242 229 2
242 230 2
242 231 2
242 234 2
242 240 3
242 273 2
242 276 2
242 281 2
242 286 3
242 288 2
242 294 2
242 318 2
242 342 3
242 350 3
242 367 2
242 385 2
242 401 2
242 403 2
242 410 2
242 436 2
242 449 2
242 452 2
242 482 2
242 508 2
242 546 2
242 554 2
242 559 3
242 569 2
242 572 3
242 576 2
242 578 2
242 591 1
242 628 2
242 635 2
242 636 2
242 672 2
242 684 2
242 685 2
242 695 2
242 710 3
242 746 3
242 769 2
242 780 2
242 800 3
242 810 2
242 834 3
242 873 2
242 943 2
242 975 2
243 12 4
243 271 5
243 309 4
243 313 4
243 340 4
243 343 4
243 358 4
243 644 5
243 678 4
243 687 4
244 9 3
244 50 3
244 100 3
244 245 4
244 251 3
244 258 3
244 275 4
244 748 4
244 751 4
244 906 4
244 912 4
244 916 4
245 7 1
245 9 2
245 23 2
245 28 2
245 50 1
245 55 1
245 64 2
245 79 1
245 87 1
245 100 1
245 117 1
245 118 2
245 121 2
245 123 2
245 127 2
245 144 2
245 147 2
245 150 2
245 174 2
245 181 2
245 195 1
245 203 1
245 204 1
245 208 2
245 209 1
245 221 1
245 235 2
245 237 1
245 245 2
245 246 1
245 248 1
245 273 1
245 276 1
245 291 1
245 293 2
245 295 2
245 310 2
245 313 2
245 324 1
245 325 1
245 330 1
245 333 1
245 340 2
245 346 1
245 405 1
245 408 1
245 410 1
245 460 1
245 475 2
245 479 2
245 480 2
245 504 2
245 544 1
245 591 2
245 595 1
245 597 1
245 603 2
245 628 2
245 644 1
245 689 1
245 742 2
245 744 1
245 748 1
245 762 1
245 763 1
245 818 1
245 823 1
245 829 1
245 831 1
245 840 1
245 844 1
245 845 2
245 881 1
245 886 1
245 895 1
245 908 1
245 919 1
245 959 1
245 979 2
246 268 2
246 269 2
246 270 2
246 288 3
246 292 3
246 294 2
246 301 2
246 302 2
246 303 2
246 326 2
246 327 2
246 328 2
246 332 3
246 334 2
246 359 2
246 688 2
246 690 2
246 754 3
246 883 2
246 887 3
246 888 2
247 1 4
247 5 4
247 7 4
247 9 4
247 11 4
247 17 4
247 27 5
247 28 4
247 31 4
247 55 4
247 56 4
247 65 4
247 68 4
247 69 4
247 70 4
247 89 4
247 91 4
247 96 4
247 98 4
247 100 4
247 111 4
247 117 4
247 123 4
247 135 4
247 144 4
247 147 4
247 148 4
247 150 4
247 151 4
247 153 4
247 156 4
247 157 4
247 158 5
247 174 4
247 176 4
247 180 4
247 183 4
247 204 4
247 206 5
247 209 4
247 218 4
247 222 4
247 227 4
247 231 4
247 233 4
247 234 4
247 248 4
247 252 4
247 260 4
247 281 4
247 284 4
247 286 4
247 288 4
247 290 4
247 293 5
247 298 4
247 300 4
247 367 4
247 405 4
247 410 4
247 435 4
247 447 4
247 469 5
247 470 4
247 483 4
247 484 4
247 498 4
247 544 4
247 546 4
247 559 5
247 582 4
247 591 4
247 597 4
247 629 4
247 642 5
247 678 4
247 742 4
247 748 4
247 760 5
247 815 4
247 823 4
247 845 4
247 866 4
247 926 4
247 963 5
247 981 5
248 262 2
248 268 2
248 269 2
248 271 3
248 286 4
248 292 3
248 301 3
248 303 2
248 305 2
248 307 2
248 319 3
248 321 3
248 327 3
248 333 3
248 338 3
248 340 3
248 344 3
248 750 3
248 884 3
248 896 3
248 900 1
248 902 1
249 9 3
249 15 3
249 59 5
249 60 2
249 61 3
249 100 3
249 117 2
249 118 2
249 122 1
249 127 4
249 137 3
249 170 4
249 171 5
249 179 4
249 212 4
249 224 4
249 248 2
249 251 2
249 269 4
249 273 3
249 276 3
249 285 3
249 286 4
249 288 3
249 291 3
249 293 3
249 310 3
249 337 3
249 381 4
249 410 4
249 459 3
249 473 4
249 546 4
249 558 4
249 742 3
249 748 2
249 753 4
249 763 2
249 936 3
249 983 2
250 1 4
250 2 4
250 3 4
250 4 4
250 7 4
250 10 4
250 12 4
250 13 4
250 15 4
250 26 4
250 28 4
250 29 4
250 35 4
250 38 4
250 39 4
250 49 4
250 51 4
250 54 5
250 56 4
250 58 4
250 60 4
250 64 4
250 65 4
250 66 4
250 67 4
250 70 4
250 71 4
250 73 4
250 77 4
250 79 4
250 80 4
250 81 4
250 82 4
250 83 4
250 86 4
250 87 4
250 88 4
250 89 4
250 90 4
250 92 4
250 94 4
250 95 4
250 97 4
250 98 4
250 99 4
250 100 4
250 101 4
250 110 4
250 112 4
250 114 4
250 117 4
250 121 4
250 123 4
250 125 4
250 126 4
250 127 4
250 131 4
250 132 4
250 133 4
250 134 4
250 135 4
250 136 4
250 139 4
250 141 4
250 142 4
250 143 4
250 144 4
250 145 5
250 152 4
250 153 4
250 154 4
250 155 4
250 157 4
250 158 4
250 161 4
250 162 4
250 163 4
250 164 5
250 166 4
250 167 5
250 168 4
250 169 4
250 173 4
250 174 4
250 176 4
250 177 4
250 179 4
250 180 4
250 182 4
250 183 4
250 185 4
250 187 4
250 191 4
250 192 4
250 193 4
250 194 4
250 195 4
250 196 4
250 197 4
250 199 4
250 200 4
250 202 4
250 203 4
250 204 4
250 205 4
250 207 4
250 208 4
250 210 4
250 211 4
250 215 4
250 216 4
250 218 4
250 222 4
250 223 4
250 225 4
250 226 4
250 227 4
250 229 4
250 231 4
250 233 4
250 237 4
250 238 4
250 239 4
250 241 4
250 245 4
250 252 4
250 254 4
250 258 4
250 264 4
250 265 4
250 269 4
250 270 4
250 272 4
250 274 4
250 275 4
250 277 4
250 278 4
250 280 5
250 281 4
250 282 4
250 283 4
250 288 4
250 290 4
250 292 4
250 294 4
250 299 4
250 300 4
250 301 4
250 302 4
250 304 4
250 305 5
250 310 5
250 311 4
250 312 4
250 313 4
250 315 5
250 316 4
250 328 4
250 332 4
250 340 4
250 354 4
250 357 4
250 367 4
250 371 4
250 373 4
250 378 4
250 380 5
250 381 4
250 382 4
250 383 5
250 384 5
250 385 4
250 387 4
250 393 4
250 395 4
250 396 4
250 400 4
250 401 4
250 402 4
250 414 4
250 416 4
250 417 4
250 418 4
250 419 4
250 421 4
250 422 5
250 428 4
250 431 4
250 432 4
250 433 4
250 434 5
250 435 4
250 443 4
250 448 4
250 451 4
250 455 4
250 462 4
250 465 4
250 467 5
250 469 4
250 470 4
250 471 4
250 472 4
250 474 4
250 476 4
250 477 4
250 478 4
250 479 4
250 480 5
250 481 4
250 482 4
250 483 4
250 484 4
250 487 5
250 488 4
250 490 5
250 491 4
250 493 4
250 494 4
250 495 4
250 496 4
250 497 4
250 499 4
250 500 4
250 502 4
250 503 5
250 505 4
250 506 4
250 507 4
250 509 4
250 510 4
250 511 4
250 514 4
250 518 4
250 520 5
250 523 4
250 525 5
250 526 4
250 527 4
250 528 4
250 530 4
250 535 5
250 549 4
250 550 4
250 553 5
250 557 4
250 558 5
250 559 4
250 561 4
250 566 4
250 568 4
250 570 4
250 582 4
250 583 4
250 589 4
250 591 4
250 602 4
250 604 4
250 606 4
250 607 4
250 608 4
250 609 4
250 610 4
250 611 4
250 612 4
250 613 4
250 614 4
250 618 4
250 620 4
250 622 4
250 629 4
250 630 4
250 631 4
250 632 4
250 633 4
250 637 4
250 642 5
250 647 4
250 648 4
250 650 4
250 651 4
250 655 4
250 657 4
250 659 4
250 660 4
250 661 4
250 663 4
250 673 4
250 679 4
250 685 5
250 686 4
250 689 4
250 692 4
250 693 5
250 700 4
250 704 4
250 705 4
250 707 4
250 708 5
250 709 4
250 710 4
250 712 4
250 714 4
250 715 4
250 716 4
250 717 4
250 723 4
250 727 4
250 728 4
250 729 4
250 731 4
250 735 4
250 736 4
250 742 4
250 747 4
250 748 4
250 751 4
250 761 4
250 762 4
250 765 4
250 771 4
250 774 4
250 775 4
250 778 5
250 783 4
250 785 5
250 790 5
250 792 4
250 794 4
250 801 4
250 807 4
250 815 4
250 821 4
250 823 4
250 832 4
250 837 4
250 842 4
250 845 4
250 846 4
250 847 4
250 865 4
250 869 5
250 873 5
250 878 4
250 900 4
250 902 4
250 904 4
250 905 4
250 908 4
250 921 4
250 923 4
250 926 4
250 928 4
250 934 4
250 936 4
250 939 4
250 940 4
250 942 4
250 951 4
250 956 5
250 965 4
250 966 4
250 967 4
250 969 4
251 242 2
251 243 3
251 259 2
251 260 2
251 262 1
251 268 3
251 269 2
251 270 2
251 286 3
251 288 2
251 289 3
251 292 2
251 294 2
251 299 3
251 300 2
251 301 2
251 303 3
251 305 1
251 307 2
251 308 3
251 319 2
251 322 2
251 323 2
251 325 2
251 327 3
251 328 2
251 329 2
251 330 3
251 331 2
251 332 2
251 333 3
251 336 1
251 337 3
251 359 3
251 360 4
251 457 3
251 680 4
251 681 4
251 682 2
251 687 3
251 749 4
251 872 2
251 874 3
251 875 2
251 877 2
251 879 2
251 880 2
251 881 3
251 882 3
251 883 3
251 884 3
251 937 3
251 938 4
251 984 4
251 989 2
251 991 3
251 995 2
252 7 4
252 8 4
252 14 3
252 22 3
252 25 4
252 27 3
252 45 3
252 48 3
252 52 2
252 58 4
252 60 3
252 61 4
252 62 3
252 64 4
252 66 4
252 69 2
252 70 4
252 73 3
252 86 4
252 88 3
252 89 4
252 96 3
252 97 3
252 99 3
252 111 4
252 121 3
252 124 4
252 127 4
252 132 3
252 134 3
252 135 4
252 136 4
252 143 4
252 152 4
252 154 4
252 156 3
252 161 3
252 162 3
252 163 4
252 168 4
252 170 4
252 171 4
252 173 4
252 174 4
252 180 3
252 181 3
252 183 4
252 185 3
252 186 4
252 187 3
252 188 4
252 191 4
252 194 4
252 195 4
252 197 4
252 201 3
252 202 4
252 203 3
252 204 4
252 207 2
252 212 3
252 216 3
252 234 3
252 237 4
252 243 4
252 245 4
252 259 4
252 269 4
252 276 3
252 286 3
252 294 4
252 318 4
252 371 4
252 384 3
252 404 3
252 418 4
252 419 3
252 420 4
252 423 3
252 427 4
252 430 3
252 432 3
252 435 4
252 443 4
252 455 3
252 458 3
252 461 4
252 462 3
252 465 3
252 467 3
252 472 3
252 479 4
252 482 4
252 483 4
252 485 3
252 488 3
252 491 4
252 492 4
252 494 4
252 495 3
252 496 4
252 498 4
252 502 3
252 506 3
252 510 3
252 513 3
252 517 4
252 518 3
252 521 4
252 523 3
252 526 4
252 530 4
252 531 3
252 554 4
252 576 3
252 588 4
252 597 3
252 603 3
252 609 3
252 614 4
252 615 3
252 624 3
252 631 3
252 636 4
252 641 3
252 648 3
252 654 3
252 659 3
252 660 4
252 684 3
252 729 3
252 736 4
252 780 4
252 781 3
252 792 4
252 805 4
252 815 4
252 863 3
252 874 3
252 924 3
252 947 4
252 969 4
252 971 3
253 3 3
253 4 3
253 7 3
253 9 3
253 11 4
253 12 4
253 17 3
253 22 4
253 24 3
253 33 3
253 42 4
253 48 3
253 49 4
253 50 4
253 53 3
253 59 3
253 68 3
253 69 3
253 73 3
253 79 4
253 80 3
253 93 3
253 94 3
253 97 4
253 98 3
253 100 3
253 117 3
253 122 3
253 125 3
253 132 3
253 143 3
253 154 3
253 156 4
253 157 3
253 158 3
253 164 3
253 168 4
253 172 3
253 174 3
253 181 4
253 186 4
253 188 3
253 196 3
253 204 3
253 210 4
253 231 3
253 233 3
253 238 3
253 239 3
253 246 3
253 248 3
253 254 4
253 258 3
253 268 3
253 276 3
253 288 3
253 298 3
253 318 4
253 354 4
253 356 3
253 357 3
253 364 3
253 367 3
253 369 3
253 384 4
253 385 4
253 393 3
253 401 3
253 402 3
253 410 3
253 412 3
253 416 3
253 421 4
253 423 4
253 424 3
253 427 3
253 456 3
253 471 3
253 475 3
253 476 3
253 496 3
253 508 3
253 509 4
253 515 3
253 550 3
253 552 3
253 566 3
253 568 3
253 578 3
253 586 4
253 591 3
253 628 3
253 651 3
253 655 3
253 684 4
253 693 3
253 697 3
253 717 3
253 721 3
253 742 4
253 871 3
253 959 3
253 963 3
253 975 3
254 1 2
254 11 3
254 12 2
254 15 2
254 22 2
254 28 1
254 50 3
254 51 3
254 55 3
254 56 2
254 58 2
254 66 2
254 69 2
254 70 2
254 73 3
254 76 3
254 77 2
254 79 2
254 82 2
254 87 2
254 88 2
254 89 2
254 96 2
254 97 3
254 98 3
254 99 2
254 100 2
254 107 2
254 114 2
254 117 3
254 118 3
254 121 2
254 124 2
254 131 2
254 133 3
254 134 3
254 136 2
254 143 2
254 144 2
254 153 3
254 161 2
254 162 2
254 164 3
254 169 3
254 172 2
254 173 2
254 174 3
254 181 3
254 182 3
254 185 2
254 191 3
254 195 3
254 196 1
254 197 2
254 199 3
254 202 2
254 203 2
254 204 3
254 210 3
254 211 3
254 215 2
254 222 3
254 228 3
254 234 2
254 237 3
254 245 3
254 248 2
254 250 3
254 255 3
254 257 2
254 258 2
254 259 3
254 260 3
254 270 3
254 272 3
254 277 3
254 279 2
254 286 2
254 289 3
254 293 3
254 300 3
254 310 2
254 315 2
254 316 3
254 317 2
254 318 2
254 322 3
254 323 3
254 326 3
254 356 3
254 357 2
254 378 3
254 385 3
254 392 3
254 414 2
254 418 2
254 419 2
254 423 2
254 427 3
254 431 3
254 434 3
254 435 2
254 451 3
254 465 3
254 468 3
254 474 2
254 478 2
254 479 3
254 482 3
254 483 2
254 484 2
254 485 2
254 487 3
254 490 2
254 492 3
254 493 3
254 496 2
254 497 3
254 507 3
254 509 2
254 519 2
254 520 3
254 526 2
254 528 3
254 531 3
254 566 2
254 568 2
254 603 3
254 605 3
254 607 2
254 610 3
254 612 2
254 614 2
254 627 3
254 631 3
254 633 3
254 642 3
254 649 2
254 651 3
254 654 3
254 655 2
254 657 3
254 659 3
254 660 3
254 661 3
254 678 3
254 685 3
254 686 2
254 692 3
254 693 3
254 694 3
254 705 2
254 707 2
254 724 3
254 735 3
254 736 2
254 740 3
254 742 2
254 746 3
254 836 2
254 837 3
254 842 3
254 873 3
254 875 3
254 879 3
254 939 3
254 945 3
254 956 2
254 968 2
255 1 4
255 2 4
255 4 4
255 7 4
255 8 3
255 9 4
255 12 4
255 14 4
255 17 4
255 20 3
255 24 3
255 25 4
255 31 4
255 39 4
255 40 4
255 42 4
255 44 4
255 47 4
255 53 3
255 56 4
255 57 4
255 58 4
255 64 4
255 69 4
255 70 3
255 71 4
255 87 4
255 95 4
255 96 4
255 97 4
255 98 3
255 100 3
255 118 3
255 123 4
255 125 4
255 126 3
255 127 4
255 135 4
255 148 4
255 161 4
255 170 4
255 174 4
255 176 4
255 191 4
255 196 4
255 197 4
255 204 3
255 214 4
255 217 3
255 222 4
255 223 4
255 228 4
255 234 4
255 237 3
255 241 4
255 245 4
255 252 3
255 255 3
255 257 4
255 265 4
255 270 4
255 275 4
255 276 4
255 277 4
255 279 4
255 281 3
255 282 4
255 288 4
255 289 3
255 291 4
255 292 4
255 293 4
255 300 3
255 301 3
255 304 4
255 307 4
255 313 4
255 317 4
255 318 4
255 321 4
255 323 4
255 334 4
255 343 4
255 380 4
255 382 4
255 393 4
255 402 3
255 405 4
255 423 4
255 428 3
255 447 4
255 455 4
255 462 4
255 465 4
255 471 4
255 475 4
255 504 3
255 508 3
255 511 4
255 515 4
255 518 3
255 529 4
255 531 4
255 582 4
255 584 3
255 591 4
255 597 4
255 627 4
255 628 4
255 629 4
255 647 4
255 660 4
255 678 4
255 692 4
255 694 4
255 709 3
255 724 4
255 727 4
255 738 4
255 747 4
255 755 4
255 778 4
255 898 3
255 934 4
255 939 4
256 1 4
256 3 4
256 4 3
256 9 4
256 12 3
256 13 3
256 22 3
256 23 4
256 32 4
256 42 4
256 46 4
256 50 4
256 53 4
256 54 4
256 57 3
256 60 4
256 61 4
256 68 4
256 69 3
256 71 3
256 79 3
256 80 4
256 86 4
256 91 3
256 92 4
256 95 4
256 97 4
256 100 4
256 101 4
256 111 4
256 121 4
256 125 4
256 127 3
256 133 4
256 135 4
256 143 3
256 161 4
256 168 4
256 170 4
256 172 4
256 174 4
256 175 4
256 177 4
256 179 4
256 181 3
256 182 4
256 185 3
256 186 4
256 187 4
256 188 3
256 194 4
256 196 3
256 197 3
256 200 3
256 202 4
256 210 3
256 211 4
256 218 4
256 222 3
256 226 3
256 228 4
256 231 4
256 232 4
256 234 3
256 238 3
256 268 3
256 273 3
256 274 4
256 282 3
256 286 3
256 294 4
256 325 4
256 346 4
256 357 4
256 366 4
256 369 4
256 380 4
256 403 3
256 410 4
256 414 3
256 419 3
256 421 4
256 423 4
256 427 3
256 431 3
256 432 4
256 433 4
256 443 4
256 448 4
256 449 4
256 452 4
256 460 4
256 461 3
256 462 3
256 474 4
256 475 3
256 479 3
256 484 4
256 490 4
256 498 4
256 505 4
256 506 4
256 508 3
256 523 3
256 546 3
256 559 4
256 568 4
256 578 4
256 581 4
256 582 3
256 603 3
256 608 4
256 616 4
256 640 3
256 655 3
256 658 4
256 660 4
256 662 4
256 672 4
256 673 4
256 693 4
256 696 3
256 708 4
256 710 4
256 715 3
256 720 3
256 721 4
256 737 4
256 743 4
256 763 4
256 789 3
256 806 4
256 818 4
256 845 4
256 864 3
256 919 4
256 922 4
256 933 3
256 943 4
256 955 4
256 959 3
256 963 4
256 979 4
256 985 4
257 4 4
257 7 4
257 8 5
257 9 4
257 11 4
257 12 4
257 14 4
257 15 4
257 20 4
257 27 4
257 31 4
257 38 5
257 44 4
257 45 5
257 48 4
257 50 4
257 51 5
257 52 4
257 53 5
257 54 5
257 56 4
257 57 4
257 58 5
257 59 4
257 62 5
257 64 4
257 65 4
257 66 5
257 70 4
257 77 4
257 79 4
257 82 5
257 83 4
257 86 4
257 89 4
257 91 5
257 94 4
257 96 4
257 97 4
257 100 4
257 105 5
257 114 5
257 117 4
257 118 5
257 122 5
257 127 4
257 132 4
257 134 4
257 137 5
257 143 4
257 144 5
257 148 4
257 151 4
257 155 5
257 156 5
257 157 5
257 161 5
257 162 4
257 164 4
257 168 4
257 172 4
257 173 4
257 174 4
257 176 4
257 180 4
257 181 4
257 182 4
257 183 5
257 185 4
257 186 4
257 190 4
257 191 5
257 192 5
257 193 4
257 194 4
257 195 4
257 196 4
257 197 4
257 200 5
257 203 4
257 204 4
257 209 4
257 214 4
257 215 4
257 216 4
257 218 4
257 219 4
257 226 5
257 229 4
257 230 4
257 231 5
257 232 5
257 234 4
257 235 5
257 237 4
257 239 5
257 240 4
257 241 5
257 243 4
257 248 4
257 257 4
257 258 4
257 265 5
257 282 4
257 285 4
257 288 4
257 304 5
257 318 4
257 357 4
257 366 4
257 370 5
257 372 5
257 373 5
257 378 5
257 380 4
257 385 5
257 393 4
257 395 4
257 401 4
257 402 5
257 403 4
257 405 5
257 410 4
257 411 5
257 412 5
257 417 5
257 425 4
257 428 4
257 436 4
257 443 5
257 448 5
257 450 5
257 452 5
257 453 4
257 455 4
257 456 5
257 458 5
257 462 4
257 469 5
257 470 4
257 471 4
257 472 4
257 473 4
257 474 4
257 476 5
257 483 4
257 500 5
257 507 4
257 509 4
257 527 4
257 529 4
257 531 4
257 540 5
257 546 5
257 549 4
257 553 4
257 559 4
257 566 4
257 568 4
257 582 4
257 584 4
257 588 5
257 597 4
257 623 5
257 628 4
257 629 5
257 631 5
257 632 4
257 636 4
257 640 4
257 651 4
257 655 4
257 658 5
257 664 5
257 673 4
257 679 4
257 692 4
257 699 4
257 704 5
257 708 4
257 709 5
257 717 4
257 720 5
257 722 5
257 727 4
257 729 4
257 732 4
257 739 5
257 742 4
257 744 4
257 747 4
257 755 5
257 756 5
257 758 4
257 769 4
257 770 4
257 775 5
257 783 4
257 792 4
257 819 4
257 825 4
257 841 5
257 845 5
257 871 5
257 931 5
257 934 4
257 948 4
257 949 4
257 959 5
257 980 4
258 8 3
258 9 3
258 12 4
258 13 4
258 14 4
258 20 4
258 23 4
258 25 4
258 28 4
258 32 3
258 48 3
258 50 4
258 57 4
258 58 3
258 86 4
258 96 4
258 98 4
258 117 4
258 121 4
258 124 3
258 126 4
258 127 4
258 129 3
258 134 4
258 143 4
258 144 3
258 147 4
258 152 4
258 169 3
258 174 4
258 178 3
258 179 3
258 180 4
258 181 4
258 182 4
258 183 4
258 189 4
258 190 3
258 191 4
258 192 3
258 193 3
258 195 4
258 203 4
258 208 4
258 209 3
258 234 4
258 237 4
258 238 4
258 245 4
258 250 4
258 255 4
258 273 4
258 278 4
258 282 4
258 283 3
258 284 4
258 285 4
258 286 4
258 287 3
258 288 4
258 293 4
258 298 4
258 301 4
258 304 3
258 307 4
258 317 3
258 318 4
258 319 4
258 321 4
258 330 3
258 333 4
258 346 3
258 357 3
258 387 4
258 405 4
258 408 4
258 410 4
258 423 4
258 425 4
258 427 4
258 430 3
258 467 2
258 469 4
258 473 4
258 474 3
258 496 4
258 509 3
258 514 3
258 517 3
258 521 3
258 526 4
258 529 4
258 530 3
258 546 4
258 582 4
258 588 3
258 589 4
258 591 4
258 597 4
258 603 4
258 632 3
258 644 4
258 648 4
258 651 4
258 654 4
258 663 4
258 685 3
258 694 2
258 696 4
258 704 2
258 709 4
258 717 3
258 736 4
258 742 4
258 750 4
258 753 4
258 792 3
258 844 4
258 847 4
258 896 3
258 925 4
258 939 3
258 952 4
258 956 4
258 980 4
259 1 3
259 3 2
259 7 3
259 8 3
259 15 3
259 16 3
259 19 4
259 22 3
259 25 3
259 100 3
259 108 4
259 111 3
259 117 3
259 120 3
259 121 3
259 123 3
259 134 3
259 147 3
259 148 3
259 164 4
259 172 3
259 174 3
259 181 3
259 194 3
259 216 3
259 220 3
259 222 3
259 225 3
259 230 3
259 245 3
259 249 4
259 250 3
259 255 3
259 258 3
259 264 3
259 278 3
259 282 3
259 286 3
259 289 3
259 291 3
259 295 3
259 300 3
259 301 3
259 322 3
259 323 3
259 328 3
259 332 4
259 333 4
259 336 3
259 357 3
259 358 3
259 411 3
259 472 3
259 473 3
259 523 3
259 546 3
259 568 3
259 596 4
259 597 3
259 651 3
259 676 3
259 678 3
259 685 3
259 687 3
259 742 3
259 748 3
259 815 3
259 825 4
259 827 3
259 832 4
259 846 4
259 864 3
259 866 3
259 873 3
259 879 3
259 934 3
259 969 2
259 978 3
259 989 3
260 1 4
260 7 4
260 10 4
260 14 4
260 20 4
260 117 4
260 127 4
260 129 4
260 146 4
260 221 4
260 224 4
260 242 4
260 248 4
260 250 4
260 253 4
260 257 4
260 258 4
260 273 4
260 275 4
260 276 4
260 279 3
260 286 4
260 289 4
260 294 4
260 297 4
260 301 4
260 302 4
260 303 4
260 307 4
260 311 4
260 322 4
260 327 4
260 458 4
260 515 4
260 532 4
260 591 4
260 676 4
260 713 4
260 744 4
261 121 3
261 158 3
261 242 3
261 255 4
261 269 3
261 285 3
261 302 3
261 304 4
261 319 4
261 347 3
261 682 3
262 11 4
262 22 4
262 100 3
262 136 4
262 237 4
262 259 4
262 271 5
262 288 4
262 289 4
262 292 4
262 300 4
262 313 3
262 321 4
262 332 4
262 358 3
262 678 4
262 682 4
262 866 4
262 895 4
263 3 2
263 7 3
263 10 3
263 14 2
263 15 2
263 20 2
263 24 3
263 50 2
263 93 2
263 100 2
263 103 3
263 107 2
263 112 3
263 116 2
263 117 3
263 121 2
263 124 2
263 126 2
263 127 2
263 137 2
263 147 3
263 149 3
263 150 2
263 151 3
263 221 2
263 224 2
263 225 3
263 235 3
263 242 2
263 243 2
263 244 2
263 248 1
263 249 2
263 250 2
263 253 1
263 257 3
263 258 2
263 268 1
263 270 2
263 274 3
263 282 3
263 283 2
263 284 2
263 285 2
263 288 3
263 301 3
263 304 2
263 306 3
263 311 3
263 319 2
263 347 2
263 362 3
263 455 3
263 472 3
263 473 3
263 475 3
263 477 3
263 508 2
263 544 2
263 593 2
263 596 2
263 597 3
263 689 3
263 741 2
263 744 3
263 751 3
263 819 2
263 845 2
263 864 2
263 870 2
263 880 3
263 887 3
263 926 3
263 930 3
263 950 4
263 952 2
263 988 2
263 993 2
264 16 4
264 116 4
264 176 3
264 181 3
264 194 4
264 248 4
264 258 3
264 260 3
264 269 4
264 286 3
264 289 3
264 293 3
264 298 4
264 300 3
264 301 3
264 321 4
264 322 4
264 328 4
264 333 3
264 358 4
264 482 4
264 603 5
264 678 4
264 705 4
264 709 4
264 748 4
264 879 3
265 1 3
265 7 4
265 8 4
265 12 4
265 22 4
265 28 3
265 32 3
265 56 4
265 64 4
265 87 3
265 97 4
265 100 4
265 109 4
265 114 4
265 132 4
265 134 4
265 136 4
265 143 4
265 154 4
265 169 4
265 172 4
265 174 4
265 175 4
265 179 4
265 180 3
265 181 4
265 190 4
265 191 4
265 194 3
265 198 4
265 199 3
265 202 4
265 257 3
265 258 3
265 283 4
265 286 4
265 300 4
265 318 4
265 319 4
265 395 4
265 404 4
265 423 3
265 428 3
265 474 4
265 475 4
265 478 4
265 481 4
265 496 4
265 529 3
265 584 4
265 588 4
265 603 4
265 615 3
265 638 3
265 651 4
265 656 4
265 705 4
265 855 3
266 2 4
266 11 4
266 22 3
266 24 4
266 27 4
266 50 4
266 55 4
266 56 4
266 62 4
266 79 4
266 87 3
266 89 3
266 95 4
266 96 3
266 98 3
266 117 3
266 127 3
266 128 3
266 144 3
266 174 3
266 181 4
266 182 4
266 183 4
266 184 3
266 187 3
266 188 3
266 210 4
266 231 4
266 232 4
266 258 4
266 265 3
266 268 4
266 269 4
266 273 4
266 288 4
266 292 5
266 294 4
266 302 4
266 306 5
266 308 4
266 313 3
266 315 4
266 321 4
266 324 4
266 326 4
266 327 4
266 328 4
266 331 4
266 333 4
266 334 4
266 346 4
266 349 4
266 350 4
266 354 4
266 357 3
266 385 4
266 405 4
266 455 3
266 518 4
266 546 4
266 550 4
266 566 3
266 568 4
266 651 4
266 682 4
266 748 4
266 873 4
266 882 4
266 885 4
266 898 4
266 902 4
266 908 4
266 995 3
267 7 4
267 10 4
267 24 4
267 50 4
267 93 4
267 100 4
267 108 4
267 109 4
267 150 4
267 240 4
267 246 4
267 248 4
267 249 5
267 264 4
267 268 4
267 269 4
267 273 4
267 276 4
267 298 4
267 327 4
267 340 4
267 455 4
267 475 4
267 742 4
267 762 4
267 919 3
268 1 3
268 4 4
268 7 3
268 8 3
268 13 3
268 15 3
268 19 4
268 22 3
268 23 4
268 25 3
268 31 3
268 39 3
268 42 4
268 47 3
268 51 3
268 56 3
268 58 3
268 69 3
268 70 4
268 71 4
268 95 3
268 96 3
268 97 3
268 98 3
268 100 4
268 111 3
268 116 4
268 118 3
268 121 3
268 126 4
268 132 3
268 137 4
268 144 3
268 150 4
268 153 4
268 157 4
268 159 4
268 160 3
268 170 4
268 172 3
268 173 3
268 178 4
268 180 3
268 181 3
268 182 4
268 191 3
268 192 4
268 195 3
268 200 3
268 209 3
268 214 4
268 216 4
268 222 3
268 238 4
268 246 4
268 251 4
268 257 4
268 258 3
268 273 4
268 283 3
268 285 4
268 293 4
268 294 3
268 297 4
268 318 3
268 321 3
268 357 3
268 367 3
268 377 3
268 405 3
268 411 4
268 423 3
268 427 3
268 428 3
268 435 4
268 462 3
268 469 4
268 471 4
268 475 4
268 498 4
268 507 4
268 529 4
268 544 4
268 582 4
268 603 4
268 612 4
268 642 4
268 655 3
268 662 3
268 692 3
268 699 4
268 724 3
268 742 3
268 826 4
268 856 3
268 926 3
268 952 4
269 64 5
269 65 5
269 127 5
269 134 5
269 136 5
269 153 5
269 194 5
269 199 5
269 215 5
269 286 5
269 306 5
269 483 5
269 484 4
269 490 5
269 495 5
269 507 5
269 511 5
269 520 5
269 530 5
269 582 5
269 605 5
269 610 5
269 611 5
269 641 5
269 654 5
269 656 5
269 705 5
269 855 5
269 923 4
270 1 3
270 7 3
270 9 3
270 13 3
270 19 4
270 50 3
270 93 2
270 100 3
270 118 3
270 125 3
270 150 3
270 181 3
270 221 3
270 235 3
270 248 3
270 257 3
270 258 3
270 276 3
270 283 3
270 284 3
270 285 3
270 286 3
270 293 3
270 294 3
270 295 2
270 360 3
270 458 2
270 471 3
270 475 3
270 508 3
270 544 2
270 546 2
270 813 3
270 824 4
270 919 2
270 950 2
270 952 2
271 1 4
271 8 2
271 50 4
271 94 4
271 95 3
271 99 3
271 140 4
271 225 2
271 404 4
271 418 4
271 477 4
271 501 3
271 596 5
271 768 4
271 878 2
271 932 1
271 969 2
272 1 4
272 2 4
272 3 4
272 4 4
272 7 4
272 11 4
272 12 4
272 21 4
272 24 4
272 27 3
272 28 4
272 29 4
272 33 3
272 38 4
272 41 5
272 43 4
272 49 5
272 51 4
272 56 4
272 63 4
272 64 4
272 66 4
272 68 4
272 69 4
272 71 4
272 72 4
272 73 4
272 78 4
272 79 4
272 80 5
272 82 4
272 88 4
272 90 4
272 94 4
272 97 4
272 99 4
272 101 5
272 109 4
272 117 4
272 118 4
272 120 5
272 121 4
272 122 5
272 123 4
272 132 4
272 135 5
272 141 5
272 151 4
272 161 4
272 168 4
272 172 4
272 173 4
272 174 4
272 175 4
272 177 4
272 181 4
272 183 4
272 185 4
272 186 4
272 193 4
272 195 4
272 196 4
272 204 4
272 210 4
272 215 4
272 217 5
272 218 4
272 226 4
272 228 4
272 229 5
272 232 4
272 233 4
272 234 4
272 239 4
272 240 4
272 250 4
272 254 5
272 255 4
272 258 4
272 260 4
272 271 5
272 288 4
272 313 4
272 318 4
272 323 4
272 343 5
272 355 4
272 358 5
272 362 4
272 365 5
272 368 4
272 370 5
272 373 4
272 374 4
272 375 4
272 378 5
272 380 5
272 384 4
272 386 4
272 391 4
272 392 5
272 393 4
272 395 4
272 400 4
272 401 4
272 404 4
272 411 4
272 416 4
272 417 4
272 418 4
272 431 4
272 443 4
272 449 4
272 465 5
272 473 4
272 475 4
272 477 4
272 485 4
272 496 5
272 501 4
272 541 5
272 546 4
272 548 4
272 550 4
272 552 4
272 559 4
272 561 4
272 562 4
272 567 4
272 568 4
272 569 4
272 576 4
272 577 4
272 578 4
272 584 5
272 588 4
272 597 4
272 609 5
272 625 4
272 633 4
272 655 4
272 665 4
272 672 4
272 685 4
272 689 4
272 715 4
272 720 4
272 739 4
272 742 4
272 743 4
272 746 5
272 747 4
272 751 4
272 755 4
272 756 5
272 758 4
272 760 5
272 763 4
272 768 5
272 771 4
272 780 4
272 790 4
272 796 4
272 810 4
272 826 4
272 834 4
272 877 4
272 890 5
272 895 4
272 924 4
272 928 4
272 930 4
272 931 5
272 940 5
272 946 4
272 951 4
272 977 5
273 7 5
273 9 4
273 10 4
273 14 4
273 25 4
273 116 5
273 124 3
273 129 4
273 137 3
273 242 4
273 257 5
273 275 4
273 276 2
273 293 3
273 302 2
273 303 4
273 319 4
273 327 3
273 547 3
273 813 5
274 7 4
274 8 4
274 11 4
274 12 4
274 13 5
274 14 4
274 15 4
274 22 5
274 23 4
274 26 5
274 42 5
274 44 5
274 45 5
274 48 5
274 50 4
274 52 5
274 58 5
274 60 5
274 61 5
274 64 5
274 66 5
274 68 5
274 69 5
274 70 4
274 71 5
274 72 5
274 73 5
274 76 4
274 77 5
274 79 5
274 83 4
274 86 4
274 87 5
274 88 5
274 89 4
274 92 5
274 97 4
274 98 4
274 99 5
274 100 4
274 107 5
274 116 4
274 117 5
274 121 4
274 131 5
274 132 5
274 134 4
274 135 5
274 136 5
274 141 5
274 150 4
274 161 4
274 168 4
274 170 4
274 171 5
274 172 5
274 173 5
274 175 4
274 176 5
274 178 4
274 179 4
274 180 5
274 181 4
274 182 4
274 183 5
274 191 5
274 192 5
274 193 4
274 194 4
274 195 5
274 196 5
274 198 5
274 203 5
274 205 4
274 207 5
274 208 5
274 210 5
274 211 5
274 212 4
274 215 5
274 216 5
274 218 5
274 221 5
274 227 4
274 230 5
274 234 5
274 237 5
274 238 5
274 244 5
274 248 5
274 252 5
274 257 5
274 258 4
274 265 4
274 274 5
274 275 5
274 276 5
274 282 5
274 283 5
274 285 5
274 288 5
274 289 4
274 291 5
274 293 4
274 298 5
274 302 4
274 313 4
274 315 5
274 316 4
274 317 5
274 322 5
274 326 5
274 346 5
274 356 5
274 380 5
274 382 5
274 385 5
274 410 5
274 414 5
274 416 5
274 418 4
274 419 5
274 430 4
274 434 5
274 435 4
274 436 5
274 461 5
274 462 4
274 463 5
274 470 5
274 474 4
274 475 5
274 478 4
274 480 5
274 481 5
274 483 5
274 484 4
274 486 5
274 488 5
274 489 4
274 490 5
274 491 5
274 493 4
274 495 5
274 496 4
274 497 5
274 498 4
274 499 5
274 503 5
274 506 4
274 507 5
274 508 5
274 511 5
274 513 5
274 514 4
274 517 5
274 518 4
274 519 5
274 520 5
274 521 5
274 525 5
274 526 5
274 527 4
274 528 5
274 529 4
274 530 5
274 553 5
274 566 5
274 584 5
274 591 5
274 601 4
274 602 4
274 603 4
274 604 4
274 605 5
274 607 5
274 610 5
274 614 4
274 615 5
274 618 5
274 628 5
274 633 5
274 641 4
274 642 4
274 646 5
274 648 5
274 649 5
274 651 4
274 653 4
274 657 4
274 659 5
274 660 5
274 661 4
274 664 5
274 676 5
274 684 5
274 685 5
274 692 5
274 696 5
274 697 5
274 699 5
274 705 4
274 707 5
274 708 5
274 709 4
274 735 5
274 736 4
274 744 5
274 756 5
274 789 5
274 792 5
274 836 4
274 848 4
274 921 5
274 923 5
274 939 5
274 943 5
274 945 5
274 963 5
274 966 4
274 971 5
274 996 5
275 70 5
275 100 5
275 127 5
275 259 5
275 286 5
275 313 5
275 381 4
276 4 3
276 26 5
276 33 3
276 56 4
276 63 4
276 67 4
276 72 3
276 73 4
276 80 4
276 83 3
276 88 3
276 168 4
276 173 3
276 175 3
276 186 3
276 202 3
276 204 3
276 209 3
276 211 3
276 216 3
276 232 4
276 238 3
276 239 3
276 288 5
276 294 3
276 300 4
276 328 5
276 343 4
276 367 5
276 386 4
276 435 3
276 579 4
276 648 5
276 655 3
276 692 3
276 710 5
276 712 5
276 715 4
276 734 5
276 738 5
276 748 5
276 765 4
276 781 4
276 790 5
276 792 3
276 890 4
276 944 3
276 999 5
277 20 4
277 25 4
277 36 4
277 49 4
277 88 4
277 90 4
277 237 4
277 255 4
277 282 4
277 289 4
277 294 4
277 369 4
277 553 4
277 709 4
277 722 4
277 731 4
277 732 4
277 756 4
277 781 4
277 846 4
278 1 4
278 7 4
278 17 4
278 23 4
278 26 4
278 28 4
278 40 4
278 42 4
278 48 4
278 50 4
278 65 4
278 69 4
278 72 4
278 77 4
278 79 4
278 81 4
278 93 4
278 98 4
278 111 4
278 122 4
278 134 4
278 143 4
278 145 4
278 151 4
278 160 4
278 161 4
278 188 4
278 196 4
278 216 4
278 218 4
278 219 4
278 222 4
278 231 4
278 237 4
278 238 4
278 255 4
278 276 4
278 282 4
278 288 5
278 300 4
278 318 4
278 327 4
278 340 4
278 350 4
278 354 4
278 357 4
278 367 4
278 369 4
278 381 4
278 392 4
278 403 4
278 410 4
278 412 4
278 427 4
278 447 4
278 451 4
278 467 5
278 469 4
278 518 4
278 568 4
278 591 4
278 604 4
278 616 4
278 655 4
278 658 4
278 673 4
278 684 4
278 743 5
278 763 4
278 843 4
278 866 4
278 959 4
278 975 4
279 1 2
279 8 1
279 24 4
279 28 4
279 31 4
279 50 3
279 54 4
279 55 3
279 58 4
279 66 4
279 70 4
279 71 4
279 79 3
279 82 4
279 88 4
279 89 3
279 95 4
279 96 2
279 97 4
279 100 4
279 101 3
279 108 5
279 111 3
279 117 4
279 118 4
279 121 2
279 122 3
279 127 3
279 133 3
279 135 3
279 144 4
279 147 4
279 148 3
279 153 4
279 161 4
279 164 3
279 168 4
279 172 4
279 173 3
279 174 3
279 175 4
279 176 3
279 177 4
279 179 3
279 180 3
279 181 3
279 182 3
279 183 3
279 185 3
279 187 3
279 188 3
279 189 5
279 190 4
279 195 3
279 197 3
279 198 5
279 201 2
279 204 3
279 209 4
279 210 3
279 211 4
279 213 3
279 215 4
279 216 4
279 228 4
279 230 4
279 241 4
279 248 3
279 249 4
279 255 3
279 257 3
279 258 3
279 261 3
279 264 4
279 265 4
279 266 3
279 270 3
279 272 3
279 274 4
279 281 4
279 282 3
279 286 3
279 288 4
279 294 3
279 295 3
279 298 3
279 300 4
279 304 4
279 325 3
279 328 3
279 356 3
279 358 4
279 380 4
279 385 3
279 398 3
279 405 4
279 421 3
279 422 3
279 423 2
279 436 2
279 455 4
279 463 4
279 472 4
279 479 3
279 483 4
279 489 5
279 510 4
279 511 3
279 523 4
279 526 4
279 528 4
279 535 4
279 546 3
279 566 4
279 588 4
279 602 5
279 604 3
279 616 4
279 629 4
279 632 3
279 640 4
279 651 3
279 655 3
279 680 1
279 688 3
279 692 4
279 727 5
279 732 4
279 739 5
279 748 4
279 751 3
279 752 5
279 840 4
279 879 4
279 931 3
279 945 3
280 8 3
280 12 3
280 64 4
280 89 3
280 96 3
280 100 3
280 114 3
280 127 3
280 165 4
280 172 4
280 174 4
280 175 3
280 183 3
280 190 4
280 191 4
280 213 4
280 234 4
280 237 4
280 257 3
280 258 3
280 265 3
280 272 4
280 298 4
280 347 3
280 462 3
280 479 3
280 483 3
280 504 4
280 510 3
280 511 3
280 517 2
280 603 4
280 615 3
280 642 3
280 661 4
280 705 4
280 863 4
281 4 4
281 42 4
281 50 4
281 66 4
281 70 4
281 86 4
281 100 4
281 153 4
281 163 4
281 173 4
281 190 4
281 197 4
281 204 4
281 207 4
281 210 4
281 216 4
281 283 4
281 313 4
281 318 4
281 322 4
281 367 4
281 427 4
281 430 4
281 479 4
281 484 4
281 505 4
281 507 4
281 524 4
281 648 4
281 650 4
281 659 4
281 678 4
281 692 4
281 780 4
282 127 4
282 257 3
282 269 4
282 288 4
282 295 4
282 298 3
282 311 4
282 315 3
282 346 4
282 876 4
282 881 4
282 988 4
283 1 3
283 12 3
283 20 3
283 99 3
283 107 3
283 109 3
283 116 3
283 121 3
283 151 3
283 180 3
283 195 3
283 197 3
283 199 2
283 229 3
283 230 3
283 250 3
283 257 2
283 270 2
283 271 3
283 274 3
283 275 3
283 277 3
283 286 3
283 290 3
283 313 3
283 318 2
283 365 2
283 380 3
283 405 3
283 449 3
283 450 3
283 462 3
283 480 3
283 538 4
283 582 3
283 612 3
283 743 3
283 900 3
284 1 5
284 7 4
284 9 5
284 15 5
284 24 5
284 25 4
284 28 5
284 29 4
284 50 4
284 51 4
284 53 5
284 56 5
284 69 5
284 70 4
284 71 5
284 73 5
284 79 4
284 82 5
284 94 4
284 96 4
284 97 4
284 98 5
284 111 5
284 122 5
284 135 5
284 136 5
284 141 5
284 143 4
284 144 4
284 150 5
284 151 4
284 168 4
284 173 5
284 174 5
284 181 4
284 195 4
284 202 4
284 204 4
284 216 5
284 222 4
284 227 4
284 229 4
284 234 4
284 235 5
284 237 4
284 248 5
284 250 5
284 252 5
284 255 5
284 257 5
284 258 4
284 274 4
284 275 5
284 293 5
284 294 5
284 300 4
284 313 4
284 315 5
284 318 5
284 343 5
284 385 4
284 392 5
284 399 4
284 405 5
284 419 5
284 422 5
284 427 4
284 431 4
284 449 4
284 451 5
284 463 4
284 472 4
284 510 4
284 550 5
284 554 4
284 560 5
284 562 4
284 568 5
284 578 5
284 588 5
284 597 4
284 625 4
284 651 5
284 655 5
284 665 5
284 679 4
284 692 5
284 699 4
284 746 5
284 778 5
284 823 4
284 829 5
284 849 5
284 879 5
284 924 5
284 926 5
285 288 2
285 289 3
285 303 3
285 307 3
285 313 2
285 319 2
285 321 3
285 326 2
285 330 2
285 347 2
285 748 3
286 1 3
286 3 4
286 7 3
286 10 3
286 13 4
286 14 3
286 15 3
286 93 3
286 109 3
286 111 4
286 121 3
286 123 3
286 124 3
286 125 4
286 127 3
286 129 4
286 137 3
286 146 3
286 147 3
286 150 3
286 151 3
286 181 3
286 220 3
286 221 3
286 235 3
286 236 4
286 237 4
286 245 4
286 248 4
286 250 3
286 255 4
286 257 3
286 258 3
286 262 3
286 264 4
286 270 3
286 273 4
286 275 3
286 276 3
286 277 3
286 280 4
286 282 4
286 284 4
286 285 4
286 286 4
286 287 3
286 295 3
286 298 4
286 299 3
286 300 4
286 305 3
286 319 3
286 321 3
286 322 3
286 327 3
286 331 4
286 332 3
286 333 4
286 460 3
286 471 3
286 475 3
286 476 3
286 508 4
286 591 3
286 595 4
286 597 3
286 620 3
286 628 4
286 678 3
286 689 4
286 690 3
286 696 3
286 717 4
286 718 4
286 742 3
286 748 3
286 762 3
286 766 4
286 818 3
286 823 3
286 846 3
286 864 4
286 872 3
286 874 3
286 879 3
286 880 4
286 882 3
286 886 3
286 887 4
286 924 3
286 935 3
286 936 3
286 975 3
286 994 3
286 995 3
287 1 3
287 2 4
287 3 4
287 4 4
287 12 3
287 17 3
287 25 3
287 28 3
287 31 3
287 38 3
287 42 3
287 43 4
287 45 3
287 48 4
287 49 3
287 50 3
287 55 3
287 58 3
287 66 4
287 68 3
287 69 4
287 71 3
287 73 4
287 76 4
287 77 4
287 79 3
287 81 4
287 82 4
287 87 4
287 88 4
287 92 4
287 95 4
287 96 4
287 97 3
287 99 4
287 100 3
287 111 3
287 117 3
287 121 3
287 125 4
287 128 4
287 133 4
287 136 4
287 140 4
287 143 3
287 144 4
287 150 4
287 160 3
287 161 4
287 172 3
287 174 3
287 176 4
287 179 3
287 181 3
287 183 3
287 188 3
287 191 3
287 194 4
287 195 3
287 196 3
287 202 3
287 206 4
287 215 4
287 216 4
287 218 3
287 222 3
287 226 3
287 227 3
287 230 3
287 232 3
287 237 4
287 239 3
287 249 4
287 252 4
287 255 4
287 257 3
287 258 3
287 259 3
287 260 4
287 265 3
287 270 4
287 272 3
287 273 4
287 276 3
287 280 4
287 282 3
287 286 3
287 288 3
287 289 4
287 293 4
287 294 4
287 298 4
287 300 4
287 318 3
287 333 3
287 347 3
287 356 3
287 366 4
287 367 4
287 378 3
287 402 4
287 411 3
287 412 4
287 423 3
287 432 4
287 455 3
287 462 4
287 470 4
287 471 4
287 474 4
287 501 3
287 540 4
287 541 4
287 546 3
287 549 4
287 550 3
287 566 3
287 572 4
287 578 4
287 588 3
287 591 4
287 596 4
287 597 3
287 620 4
287 627 4
287 628 3
287 651 3
287 652 4
287 658 4
287 672 4
287 679 4
287 684 4
287 685 4
287 686 4
287 692 4
287 710 4
287 713 3
287 727 4
287 732 4
287 735 4
287 739 3
287 742 3
287 747 3
287 748 3
287 768 3
287 772 4
287 779 3
287 781 4
287 790 4
287 794 4
287 820 4
287 823 4
287 833 4
287 845 4
287 921 4
287 932 4
287 939 3
287 941 4
287 955 4
287 956 4
287 978 4
288 1 2
288 8 2
288 9 2
288 11 3
288 22 2
288 28 2
288 33 3
288 58 2
288 64 2
288 69 2
288 70 3
288 83 2
288 87 2
288 96 2
288 98 2
288 111 3
288 133 2
288 135 2
288 154 2
288 164 3
288 168 2
288 172 2
288 173 2
288 176 2
288 180 2
288 181 2
288 182 3
288 183 2
288 185 2
288 186 2
288 190 2
288 196 2
288 198 2
288 199 3
288 200 3
288 203 3
288 207 2
288 208 2
288 210 2
288 211 2
288 222 2
288 228 2
288 230 3
288 238 2
288 243 3
288 245 3
288 258 2
288 260 3
288 265 2
288 269 3
288 289 3
288 292 2
288 299 2
288 304 2
288 318 2
288 328 3
288 333 3
288 357 2
288 358 3
288 385 3
288 405 3
288 414 2
288 419 3
288 429 2
288 434 2
288 468 3
288 474 2
288 480 2
288 485 2
288 491 2
288 493 2
288 496 3
288 498 2
288 500 2
288 510 2
288 511 2
288 514 3
288 515 1
288 520 2
288 521 3
288 523 3
288 526 3
288 527 2
288 568 3
288 605 3
288 612 3
288 655 2
288 659 2
288 662 3
288 692 3
288 707 3
288 724 2
288 732 3
288 748 3
288 776 3
288 845 3
288 880 2
288 890 3
289 243 3
289 258 4
289 259 4
289 260 3
289 261 3
289 263 2
289 264 3
289 266 3
289 268 3
289 270 4
289 271 3
289 272 3
289 286 3
289 288 4
289 289 3
289 292 3
289 294 4
289 301 4
289 302 4
289 303 3
289 308 3
289 310 3
289 313 3
289 315 3
289 316 3
289 321 3
289 324 3
289 325 3
289 326 3
289 327 3
289 330 4
289 331 4
289 332 3
289 333 3
289 334 3
289 339 3
289 340 3
289 342 3
289 343 3
289 349 3
289 353 3
289 355 3
289 358 4
289 457 3
289 538 4
289 539 4
289 678 4
289 681 3
289 682 3
289 687 4
289 689 3
289 750 3
289 751 3
289 752 4
289 872 3
289 873 3
289 874 4
289 875 4
289 881 3
289 883 3
289 887 3
289 890 4
289 892 3
289 902 3
289 908 3
289 948 3
289 988 4
289 989 3
289 991 3
290 1 3
290 7 3
290 9 3
290 15 3
290 50 3
290 93 3
290 117 3
290 124 3
290 126 3
290 127 3
290 150 3
290 151 3
290 181 3
290 224 3
290 237 3
290 246 3
290 257 3
290 258 3
290 273 3
290 277 2
290 284 3
290 286 3
290 292 3
290 293 3
290 298 3
290 302 4
290 333 2
290 410 3
290 475 3
290 515 4
290 596 3
290 764 2
290 847 3
290 919 3
290 926 3
290 993 3
291 7 3
291 19 3
291 45 4
291 100 3
291 124 4
291 129 2
291 236 3
291 237 3
291 258 3
291 273 3
291 286 3
291 340 3
291 475 3
291 657 4
291 900 2
292 45 3
292 56 3
292 64 4
292 69 4
292 83 4
292 97 4
292 100 3
292 124 4
292 127 4
292 134 4
292 137 4
292 185 3
292 186 3
292 187 4
292 192 4
292 193 4
292 205 3
292 221 3
292 242 3
292 285 4
292 286 3
292 318 3
292 479 4
292 482 3
292 483 4
292 492 3
292 511 4
292 523 4
292 527 3
292 531 4
292 654 3
292 657 4
292 772 3
292 923 3
293 1 4
293 7 4
293 11 4
293 12 4
293 22 4
293 24 4
293 48 4
293 50 4
293 56 4
293 59 4
293 60 4
293 61 4
293 65 4
293 69 4
293 71 4
293 79 4
293 82 4
293 91 4
293 95 4
293 96 4
293 98 4
293 100 4
293 115 4
293 117 4
293 118 4
293 121 4
293 124 4
293 127 4
293 150 4
293 156 3
293 168 4
293 171 4
293 172 4
293 173 4
293 174 4
293 175 4
293 176 4
293 180 4
293 181 4
293 182 4
293 183 4
293 188 4
293 191 4
293 192 4
293 195 4
293 196 4
293 201 4
293 209 4
293 210 4
293 222 4
293 234 4
293 235 4
293 238 4
293 239 4
293 250 4
293 252 4
293 257 4
293 258 4
293 260 4
293 264 4
293 265 4
293 271 4
293 273 4
293 275 4
293 284 4
293 288 4
293 298 4
293 300 4
293 318 4
293 323 4
293 327 4
293 328 4
293 343 4
293 357 4
293 369 4
293 405 4
293 411 4
293 423 4
293 431 4
293 455 3
293 462 4
293 475 4
293 483 4
293 527 4
293 528 4
293 546 4
293 550 4
293 597 4
293 647 4
293 652 4
293 684 4
293 687 4
293 693 4
293 742 4
293 746 4
293 751 4
293 754 4
293 762 4
293 763 4
293 876 4
293 886 4
293 890 4
293 925 4
294 1 4
294 9 4
294 15 4
294 64 4
294 65 5
294 86 4
294 98 4
294 100 5
294 126 5
294 174 4
294 183 5
294 191 4
294 194 4
294 222 4
294 237 4
294 286 5
294 289 4
294 294 4
294 322 5
294 357 4
294 479 4
294 507 4
294 528 4
294 748 5
294 924 4
295 2 4
295 4 4
295 11 4
295 29 4
295 44 3
295 50 4
295 53 4
295 54 4
295 56 4
295 62 4
295 64 4
295 68 4
295 69 4
295 71 4
295 79 4
295 84 1
295 86 4
295 88 3
295 89 3
295 90 4
295 91 4
295 94 5
295 95 4
295 98 4
295 101 4
295 109 3
295 120 3
295 127 4
295 132 4
295 133 4
295 139 4
295 140 4
295 144 4
295 145 4
295 147 4
295 153 4
295 155 4
295 157 4
295 158 4
295 161 4
295 162 4
295 163 4
295 167 3
295 168 4
295 172 4
295 173 4
295 174 3
295 176 3
295 179 4
295 181 3
295 184 4
295 186 4
295 188 4
295 191 3
295 195 3
295 200 4
295 201 4
295 202 3
295 214 3
295 216 4
295 217 4
295 219 4
295 222 4
295 226 4
295 227 4
295 228 4
295 229 4
295 230 4
295 231 3
295 232 4
295 234 4
295 235 4
295 265 5
295 282 3
295 288 4
295 357 4
295 379 3
295 380 4
295 385 4
295 386 4
295 389 4
295 391 4
295 392 4
295 395 4
295 402 3
295 403 4
295 404 4
295 413 4
295 416 4
295 417 4
295 421 3
295 423 4
295 431 4
295 433 4
295 435 4
295 444 3
295 447 3
295 449 4
295 452 4
295 465 3
295 470 4
295 472 3
295 478 4
295 479 4
295 496 4
295 501 4
295 504 4
295 505 4
295 507 4
295 523 3
295 550 3
295 559 3
295 566 4
295 575 5
295 581 2
295 616 4
295 622 3
295 629 4
295 642 4
295 650 4
295 658 4
295 660 3
295 665 4
295 671 4
295 674 4
295 679 3
295 684 4
295 705 4
295 732 4
295 742 4
295 768 3
295 770 3
295 790 4
295 796 4
295 797 3
295 831 3
295 843 4
295 924 4
295 944 4
296 7 5
296 10 5
296 17 4
296 33 5
296 38 4
296 39 4
296 42 4
296 50 4
296 53 4
296 56 5
296 64 4
296 77 4
296 87 4
296 96 4
296 97 4
296 98 4
296 99 4
296 109 4
296 132 4
296 133 4
296 135 4
296 136 4
296 141 4
296 142 4
296 143 5
296 147 4
296 150 4
296 154 4
296 156 4
296 158 5
296 164 5
296 172 4
296 173 4
296 181 4
296 183 4
296 186 4
296 204 4
296 222 4
296 227 4
296 228 4
296 229 4
296 246 5
296 268 4
296 288 4
296 318 4
296 356 4
296 378 4
296 380 4
296 393 4
296 417 4
296 418 4
296 420 4
296 421 4
296 433 4
296 469 4
296 480 4
296 484 4
296 485 4
296 509 4
296 526 4
296 528 4
296 532 5
296 554 4
296 561 4
296 607 4
296 625 4
296 633 5
296 727 5
296 743 5
296 746 4
296 774 4
296 825 4
296 921 5
297 1 3
297 2 4
297 3 3
297 11 3
297 12 4
297 13 3
297 19 3
297 24 4
297 25 3
297 28 4
297 31 3
297 38 3
297 39 3
297 54 4
297 56 4
297 66 3
297 67 3
297 70 3
297 71 4
297 72 3
297 77 4
297 79 3
297 80 2
297 87 3
297 89 4
297 94 4
297 95 4
297 96 3
297 97 3
297 98 4
297 99 4
297 100 4
297 101 3
297 105 3
297 108 4
297 109 4
297 114 4
297 118 4
297 122 3
297 127 3
297 139 3
297 145 3
297 152 3
297 153 3
297 155 3
297 161 4
297 163 3
297 164 4
297 167 4
297 168 4
297 173 4
297 174 3
297 175 3
297 181 3
297 183 3
297 185 3
297 186 3
297 187 4
297 188 3
297 189 3
297 194 4
297 195 3
297 197 4
297 202 4
297 204 4
297 208 4
297 217 4
297 222 3
297 225 3
297 227 4
297 228 3
297 229 3
297 230 3
297 233 5
297 234 4
297 240 4
297 242 3
297 248 4
297 250 4
297 252 3
297 257 3
297 258 3
297 260 3
297 268 3
297 273 4
297 274 4
297 288 3
297 291 3
297 325 4
297 358 3
297 363 3
297 364 3
297 373 3
297 381 3
297 382 3
297 384 3
297 385 3
297 386 4
297 393 4
297 395 4
297 399 3
297 403 3
297 405 4
297 407 4
297 408 3
297 412 3
297 418 4
297 423 3
297 431 3
297 432 3
297 451 3
297 452 3
297 455 3
297 465 3
297 472 4
297 475 3
297 501 4
297 508 3
297 510 3
297 526 3
297 540 3
297 545 4
297 549 3
297 550 3
297 552 4
297 559 3
297 562 3
297 566 3
297 568 3
297 570 3
297 575 4
297 577 3
297 578 4
297 588 4
297 590 3
297 597 3
297 603 3
297 625 4
297 627 3
297 645 3
297 651 3
297 652 4
297 655 4
297 657 3
297 679 4
297 692 3
297 716 3
297 721 4
297 722 2
297 724 4
297 731 4
297 741 3
297 748 4
297 758 3
297 765 4
297 771 3
297 780 3
297 781 3
297 783 3
297 790 4
297 792 4
297 797 3
297 802 3
297 808 3
297 809 3
297 810 4
297 840 3
297 849 4
297 864 3
297 940 4
297 943 3
297 1000 4
298 10 3
298 11 4
298 12 2
298 23 3
298 32 3
298 50 2
298 53 4
298 54 4
298 56 3
298 59 3
298 61 3
298 79 4
298 83 3
298 89 3
298 98 2
298 121 3
298 124 3
298 127 2
298 136 4
298 137 2
298 144 4
298 150 2
298 151 3
298 156 4
298 160 3
298 164 3
298 168 2
298 171 4
298 172 4
298 175 3
298 176 3
298 182 4
298 183 3
298 186 2
298 187 3
298 191 3
298 192 3
298 197 2
298 202 2
298 203 4
298 204 3
298 210 3
298 218 4
298 222 3
298 228 2
298 229 3
298 258 3
298 262 4
298 271 4
298 275 4
298 288 4
298 293 4
298 302 3
298 340 3
298 381 4
298 425 3
298 435 3
298 443 4
298 447 4
298 448 4
298 449 3
298 464 4
298 474 3
298 475 3
298 483 2
298 484 3
298 486 4
298 489 3
298 512 4
298 515 3
298 522 4
298 525 4
298 548 3
298 554 3
298 558 4
298 594 4
298 607 4
298 628 4
298 631 4
298 649 4
298 652 4
298 656 3
298 664 3
298 675 4
298 693 4
298 754 4
298 772 4
298 806 2
298 887 3
298 919 4
298 922 4
298 933 4
298 985 4
299 7 4
299 8 4
299 11 4
299 12 4
299 50 4
299 69 4
299 87 4
299 97 4
299 117 4
299 132 4
299 153 4
299 157 4
299 176 4
299 177 4
299 181 4
299 182 4
299 183 4
299 191 4
299 193 4
299 194 4
299 198 4
299 202 4
299 207 4
299 210 3
299 213 4
299 215 4
299 238 4
299 251 4
299 271 4
299 272 4
299 275 4
299 295 4
299 300 4
299 301 4
299 312 4
299 313 4
299 318 4
299 326 4
299 357 4
299 414 4
299 425 4
299 427 4
299 463 4
299 474 4
299 482 4
299 483 4
299 484 4
299 486 4
299 497 4
299 511 4
299 514 4
299 516 4
299 520 4
299 521 4
299 530 4
299 539 4
299 605 4
299 651 4
299 657 4
299 661 4
299 663 4
299 690 4
299 692 4
299 742 4
299 750 4
299 879 4
299 886 4
299 887 4
299 902 4
300 1 4
300 3 4
300 8 4
300 9 4
300 15 4
300 25 4
300 28 4
300 30 4
300 39 4
300 42 4
300 43 4
300 44 4
300 45 4
300 50 4
300 56 4
300 58 5
300 59 4
300 61 4
300 62 4
300 69 4
300 70 4
300 72 4
300 77 4
300 83 4
300 88 4
300 89 4
300 94 4
300 97 4
300 98 4
300 100 4
300 116 3
300 118 4
300 120 4
300 125 4
300 129 4
300 133 4
300 135 4
300 143 4
300 147 4
300 159 4
300 164 4
300 172 4
300 175 4
300 179 4
300 181 4
300 196 4
300 204 4
300 208 4
300 210 4
300 211 4
300 216 4
300 217 4
300 223 4
300 234 3
300 235 4
300 238 4
300 244 4
300 245 4
300 246 4
300 250 4
300 252 4
300 255 4
300 257 4
300 268 4
300 274 4
300 275 4
300 276 4
300 281 4
300 282 4
300 283 4
300 284 4
300 285 4
300 287 4
300 294 4
300 298 4
300 300 4
300 301 4
300 304 4
300 316 4
300 319 4
300 325 4
300 381 4
300 386 4
300 387 4
300 393 4
300 396 4
300 405 4
300 407 4
300 412 4
300 421 4
300 448 4
300 464 4
300 469 4
300 471 4
300 472 4
300 475 4
300 476 4
300 479 4
300 498 4
300 509 4
300 514 4
300 517 5
300 522 4
300 529 4
300 531 4
300 535 4
300 553 4
300 559 4
300 568 4
300 569 4
300 584 4
300 611 4
300 619 4
300 639 4
300 640 4
300 660 4
300 662 4
300 665 4
300 699 4
300 709 4
300 714 4
300 721 4
300 729 4
300 735 4
300 739 4
300 742 4
300 762 4
300 768 4
300 775 3
300 780 4
300 781 4
300 815 4
300 821 4
300 827 4
300 836 4
300 845 4
300 930 4
300 964 4
300 971 4
300 988 4
300 996 4
